-1.0	0.0
-0.9990000000000001	2.768824e-06
-0.998	5.537453e-06
-0.997	8.305711000000001e-06
-0.996	1.107346e-05
-0.995	1.3840629999999998e-05
-0.9940000000000001	1.660721e-05
-0.993	1.937326e-05
-0.992	2.2138960000000003e-05
-0.991	2.490453e-05
-0.99	2.7670290000000004e-05
-0.9890000000000001	3.0436599999999996e-05
-0.988	3.3203879999999994e-05
-0.987	3.59725e-05
-0.986	3.874432e-05
-0.985	4.151902e-05
-0.9840000000000001	4.429114000000001e-05
-0.983	4.7063440000000004e-05
-0.982	4.983720999999999e-05
-0.981	5.2615790000000005e-05
-0.98	5.539644e-05
-0.9790000000000001	5.817719e-05
-0.978	6.0957280000000005e-05
-0.977	6.374102e-05
-0.976	6.652631999999999e-05
-0.975	6.931315999999999e-05
-0.9740000000000001	7.209993e-05
-0.973	7.489083000000001e-05
-0.972	7.76827e-05
-0.971	8.047635999999999e-05
-0.97	8.327190999999999e-05
-0.9690000000000001	8.607062e-05
-0.968	8.887031999999999e-05
-0.9670000000000001	9.167279e-05
-0.966	9.447838e-05
-0.965	9.728440999999999e-05
-0.9640000000000001	0.0001000942
-0.963	0.00010290629999999999
-0.9620000000000001	0.0001057212
-0.961	0.0001085375
-0.96	0.0001113589
-0.9590000000000001	0.0001141801
-0.958	0.00011700569999999999
-0.9570000000000001	0.0001198342
-0.956	0.0001226672
-0.955	0.0001255004
-0.9540000000000001	0.0001283383
-0.953	0.00013118040000000003
-0.9520000000000001	0.00013402300000000001
-0.951	0.0001368703
-0.95	0.0001397211
-0.9490000000000001	0.0001425772
-0.948	0.0001454338
-0.9470000000000001	0.000148297
-0.946	0.0001511611
-0.945	0.00015403069999999998
-0.9440000000000001	0.00015690420000000001
-0.943	0.0001597823
-0.9420000000000001	0.0001626622
-0.941	0.0001655485
-0.94	0.0001684391
-0.9390000000000001	0.00017133040000000003
-0.938	0.00017422869999999998
-0.937	0.0001771311
-0.9359999999999999	0.0001800387
-0.935	0.0001829487
-0.934	0.0001858673
-0.9329999999999999	0.00018878560000000003
-0.932	0.00019171099999999998
-0.9309999999999999	0.00019464130000000003
-0.93	0.00019757900000000003
-0.929	0.00020051650000000004
-0.9279999999999999	0.0002034634
-0.927	0.0002064125
-0.9259999999999999	0.0002093682
-0.925	0.0002123291
-0.924	0.0002152977
-0.9229999999999999	0.0002182682
-0.922	0.0002212447
-0.9209999999999999	0.0002242301
-0.92	0.0002272161
-0.919	0.0002302108
-0.9179999999999999	0.0002332113
-0.917	0.0002362193
-0.9159999999999999	0.00023922849999999997
-0.915	0.00024224959999999998
-0.914	0.0002452718
-0.9129999999999999	0.0002483024
-0.912	0.0002513393
-0.9109999999999999	0.0002543857
-0.91	0.0002574334
-0.909	0.0002604894
-0.9079999999999999	0.0002635552
-0.907	0.00026662159999999997
-0.9059999999999999	0.0002696982
-0.905	0.0002727815
-0.904	0.00027587470000000003
-0.903	0.000278969
-0.902	0.0002820767
-0.9009999999999999	0.0002851857
-0.9	0.0002883049
-0.899	0.0002914314
-0.898	0.0002945687
-0.897	0.0002977074
-0.8959999999999999	0.000300857
-0.895	0.0003040163
-0.894	0.0003071771
-0.893	0.0003103497
-0.892	0.0003135303
-0.8909999999999999	0.00031672130000000005
-0.89	0.00031991480000000003
-0.889	0.000323124
-0.888	0.0003263339
-0.887	0.00032955610000000003
-0.8859999999999999	0.0003327868
-0.885	0.00033602919999999996
-0.884	0.0003392735
-0.883	0.0003425322
-0.882	0.00034580019999999996
-0.8809999999999999	0.00034906989999999996
-0.88	0.0003523536
-0.879	0.0003556463
-0.878	0.00035895050000000003
-0.877	0.0003622589
-0.8759999999999999	0.0003655846
-0.875	0.0003689102
-0.8740000000000001	0.0003722501
-0.873	0.00037559970000000003
-0.872	0.00037896370000000003
-0.871	0.0003823279
-0.87	0.0003857097
-0.8690000000000001	0.0003890967
-0.868	0.000392496
-0.867	0.0003959055
-0.866	0.0003993296
-0.865	0.0004027576
-0.8640000000000001	0.00040619699999999996
-0.863	0.0004096527
-0.862	0.0004131108
-0.861	0.0004165844
-0.86	0.00042006879999999995
-0.8590000000000001	0.00042356759999999995
-0.858	0.00042706919999999993
-0.857	0.0004305923
-0.856	0.000434117
-0.855	0.00043765849999999996
-0.8540000000000001	0.0004412116999999999
-0.853	0.0004447812
-0.852	0.0004483534
-0.851	0.00045194070000000004
-0.85	0.0004555453
-0.8490000000000001	0.0004591526
-0.848	0.00046277650000000004
-0.847	0.0004664126
-0.846	0.00047006629999999993
-0.845	0.0004737226000000001
-0.8440000000000001	0.0004774011
-0.843	0.0004810843
-0.8420000000000001	0.0004847842
-0.841	0.0004884971
-0.84	0.0004922274
-0.8390000000000001	0.0004959627999999999
-0.838	0.0004997164
-0.8370000000000001	0.0005034862
-0.836	0.0005072603
-0.835	0.0005110539
-0.8340000000000001	0.0005148609
-0.833	0.0005186848999999999
-0.8320000000000001	0.0005225146
-0.831	0.0005263699
-0.83	0.0005302282
-0.8290000000000001	0.0005341059
-0.828	0.0005379982
-0.8270000000000001	0.0005419101000000001
-0.826	0.0005458263999999999
-0.825	0.0005497658000000001
-0.8240000000000001	0.0005537212
-0.823	0.0005576813
-0.8220000000000001	0.0005616636
-0.821	0.0005656608999999999
-0.82	0.0005696773999999999
-0.8190000000000001	0.0005737016999999999
-0.818	0.0005777527
-0.8170000000000001	0.0005818072
-0.816	0.0005858832999999999
-0.815	0.0005899754
-0.8140000000000001	0.0005940898000000001
-0.813	0.0005982082
-0.812	0.0006023533
-0.8109999999999999	0.0006065084
-0.81	0.0006106832
-0.809	0.0006148745
-0.8079999999999999	0.0006190888
-0.807	0.0006233113
-0.8059999999999999	0.0006275525
-0.805	0.0006318191000000001
-0.804	0.0006360892999999999
-0.8029999999999999	0.0006403867
-0.802	0.0006447018
-0.8009999999999999	0.0006490387
-0.8	0.0006533813
-0.799	0.0006577568
-0.7979999999999999	0.0006621413000000001
-0.797	0.0006665464
-0.7959999999999999	0.0006709695
-0.795	0.0006754204
-0.794	0.0006798782000000001
-0.7929999999999999	0.0006843589999999999
-0.792	0.0006888652
-0.7909999999999999	0.0006933769
-0.79	0.0006979188
-0.789	0.0007024802999999999
-0.7879999999999999	0.000707065
-0.787	0.0007116588
-0.7859999999999999	0.0007162863000000001
-0.785	0.0007209241
-0.784	0.0007255849999999999
-0.7829999999999999	0.0007302662
-0.782	0.0007349761
-0.7809999999999999	0.0007396952
-0.78	0.0007444429
-0.779	0.0007492159
-0.778	0.0007539952999999999
-0.777	0.0007588069
-0.7759999999999999	0.0007636399000000001
-0.775	0.0007685005
-0.774	0.0007733693
-0.773	0.0007782775
-0.772	0.0007831919999999999
-0.7709999999999999	0.0007881367999999999
-0.77	0.0007931045
-0.769	0.0007981032
-0.768	0.0008031098
-0.767	0.0008081507
-0.7659999999999999	0.0008132166999999999
-0.765	0.0008182933999999999
-0.764	0.0008234030000000001
-0.763	0.0008285365999999999
-0.762	0.0008336994000000001
-0.7609999999999999	0.0008388766
-0.76	0.0008440925
-0.759	0.0008493174
-0.758	0.000854575
-0.757	0.000859858
-0.7559999999999999	0.000865174
-0.755	0.0008704999
-0.754	0.0008758659
-0.753	0.0008812469999999999
-0.752	0.00088666
-0.7509999999999999	0.0008920995
-0.75	0.000897574
-0.7490000000000001	0.0009030621999999999
-0.748	0.0009085791999999999
-0.747	0.0009141351
-0.746	0.0009197023
-0.745	0.000925305
-0.7440000000000001	0.0009309355999999999
-0.743	0.0009366019999999999
-0.742	0.0009422803
-0.741	0.0009480054
-0.74	0.000953744
-0.7390000000000001	0.0009595189
-0.738	0.000965323
-0.737	0.000971167
-0.736	0.0009770237
-0.735	0.0009829152
-0.7340000000000001	0.0009888458
-0.733	0.000994791
-0.732	0.001000776
-0.731	0.0010067919999999998
-0.73	0.001012846
-0.7290000000000001	0.001018915
-0.728	0.001025033
-0.727	0.001031168
-0.726	0.001037343
-0.725	0.001043549
-0.7240000000000001	0.001049798
-0.723	0.0010560629999999999
-0.722	0.001062368
-0.721	0.001068712
-0.72	0.001075077
-0.7190000000000001	0.001081484
-0.718	0.0010879239999999999
-0.7170000000000001	0.001094406
-0.716	0.001100906
-0.715	0.001107457
-0.7140000000000001	0.001114033
-0.713	0.0011206489999999998
-0.7120000000000001	0.001127301
-0.711	0.0011339960000000002
-0.71	0.0011407119999999999
-0.7090000000000001	0.001147471
-0.708	0.0011542710000000001
-0.7070000000000001	0.001161106
-0.706	0.0011679750000000001
-0.705	0.001174883
-0.7040000000000001	0.001181841
-0.703	0.001188822
-0.7020000000000001	0.0011958269999999998
-0.701	0.001202891
-0.7	0.001210009
-0.6990000000000001	0.001217156
-0.698	0.001224342
-0.6970000000000001	0.0012315719999999998
-0.696	0.001238837
-0.695	0.001246148
-0.6940000000000001	0.001253495
-0.693	0.001260885
-0.6920000000000001	0.001268319
-0.691	0.001275792
-0.69	0.0012833080000000001
-0.6890000000000001	0.001290869
-0.688	0.0012984689999999998
-0.687	0.001306115
-0.6859999999999999	0.001313806
-0.685	0.001321538
-0.684	0.001329316
-0.6829999999999999	0.001337139
-0.682	0.0013450070000000003
-0.6809999999999999	0.0013529220000000001
-0.68	0.00136088
-0.679	0.001368885
-0.6779999999999999	0.001376939
-0.677	0.0013850370000000002
-0.6759999999999999	0.001393184
-0.675	0.00140138
-0.674	0.001409621
-0.6729999999999999	0.0014179120000000001
-0.672	0.0014262529999999997
-0.6709999999999999	0.0014346420000000003
-0.67	0.001443084
-0.669	0.0014515720000000001
-0.6679999999999999	0.0014601120000000002
-0.667	0.001468704
-0.6659999999999999	0.0014773429999999999
-0.665	0.0014860370000000002
-0.664	0.0014947829999999997
-0.6629999999999999	0.001503578
-0.662	0.001512429
-0.6609999999999999	0.001521332
-0.66	0.001530289
-0.659	0.001539304
-0.6579999999999999	0.001548369
-0.657	0.001557491
-0.6559999999999999	0.00156667
-0.655	0.0015759020000000001
-0.654	0.0015851910000000001
-0.653	0.0015945379999999997
-0.652	0.0016039390000000002
-0.6509999999999999	0.0016134
-0.65	0.00162292
-0.649	0.001632498
-0.648	0.001642138
-0.647	0.001651833
-0.6459999999999999	0.001661591
-0.645	0.00167141
-0.644	0.001681287
-0.643	0.001691228
-0.642	0.0017012320000000002
-0.6409999999999999	0.0017112960000000002
-0.64	0.001721425
-0.639	0.001731617
-0.638	0.001741872
-0.637	0.001752195
-0.636	0.0017625789999999998
-0.635	0.001773031
-0.634	0.001783551
-0.633	0.001794134
-0.632	0.001804787
-0.631	0.00181551
-0.63	0.001826296
-0.629	0.001837154
-0.628	0.0018480820000000002
-0.627	0.0018590800000000002
-0.626	0.0018701520000000001
-0.625	0.0018812899999999999
-0.624	0.001892502
-0.623	0.0019037890000000001
-0.622	0.0019151440000000001
-0.621	0.001926576
-0.62	0.001938083
-0.619	0.001949661
-0.618	0.001961318
-0.617	0.001973051
-0.616	0.001984861
-0.615	0.001996751
-0.614	0.0020087150000000003
-0.613	0.002020759
-0.612	0.002032886
-0.611	0.0020450879999999996
-0.61	0.002057375
-0.609	0.002069744
-0.608	0.0020821909999999997
-0.607	0.002094725
-0.606	0.002107341
-0.605	0.002120042
-0.604	0.0021328310000000004
-0.603	0.002145701
-0.602	0.00215866
-0.601	0.002171708
-0.6	0.002184839
-0.599	0.0021980610000000003
-0.598	0.002211374
-0.597	0.0022247729999999998
-0.596	0.002238266
-0.595	0.002251851
-0.594	0.0022655279999999997
-0.593	0.0022793020000000004
-0.5920000000000001	0.002293166
-0.591	0.0023071270000000004
-0.59	0.0023211860000000003
-0.589	0.0023353379999999997
-0.588	0.002349589
-0.5870000000000001	0.0023639399999999997
-0.586	0.002378386
-0.585	0.0023929339999999998
-0.584	0.002407584
-0.583	0.002422335
-0.5820000000000001	0.002437193
-0.581	0.00245215
-0.58	0.002467213
-0.579	0.0024823840000000002
-0.578	0.0024976570000000003
-0.5770000000000001	0.002513039
-0.5760000000000001	0.002528531
-0.575	0.002544129
-0.574	0.0025598400000000003
-0.573	0.0025756620000000003
-0.5720000000000001	0.002591595
-0.5710000000000001	0.002607645
-0.57	0.0026238050000000003
-0.569	0.0026400809999999994
-0.568	0.0026564759999999996
-0.5670000000000001	0.002672984
-0.5660000000000001	0.002689613
-0.565	0.002706363
-0.564	0.002723229
-0.563	0.0027402200000000002
-0.562	0.002757333
-0.561	0.002774569
-0.56	0.002791933
-0.5589999999999999	0.002809419
-0.5579999999999999	0.002827034
-0.557	0.00284478
-0.556	0.00286265
-0.555	0.002880653
-0.5539999999999999	0.00289879
-0.5529999999999999	0.002917055
-0.552	0.002935459
-0.551	0.0029539959999999995
-0.55	0.00297267
-0.5489999999999999	0.002991486
-0.5479999999999999	0.0030104359999999996
-0.547	0.0030295279999999996
-0.546	0.0030487649999999997
-0.545	0.00306814
-0.544	0.003087662
-0.5429999999999999	0.003107331
-0.542	0.0031271429999999998
-0.541	0.0031471059999999998
-0.54	0.003167219
-0.539	0.003187483
-0.5379999999999999	0.003207903
-0.537	0.003228472
-0.536	0.003249198
-0.535	0.003270084
-0.534	0.0032911229999999995
-0.5329999999999999	0.003312325
-0.532	0.00333369
-0.531	0.0033552129999999997
-0.53	0.0033769040000000005
-0.529	0.0033987609999999997
-0.528	0.0034207840000000005
-0.527	0.00344298
-0.526	0.0034653420000000006
-0.525	0.003487879
-0.524	0.0035105909999999995
-0.523	0.003533475
-0.522	0.0035565379999999997
-0.521	0.0035797829999999996
-0.52	0.0036032029999999997
-0.519	0.003626809
-0.518	0.003650598
-0.517	0.0036745740000000003
-0.516	0.0036987400000000003
-0.515	0.0037230909999999996
-0.514	0.0037476349999999996
-0.513	0.003772376
-0.512	0.003797306
-0.511	0.003822436
-0.51	0.003847767
-0.509	0.0038732929999999994
-0.508	0.0038990250000000004
-0.507	0.003924962
-0.506	0.003951106
-0.505	0.003977461
-0.504	0.0040040219999999994
-0.503	0.004030798
-0.502	0.004057792
-0.501	0.004084997
-0.5	0.004112425
-0.499	0.004140075
-0.498	0.004167944
-0.49700000000000005	0.004196042
-0.496	0.004224368
-0.495	0.004252924
-0.494	0.0042817160000000005
-0.493	0.004310737
-0.49200000000000005	0.004339998
-0.491	0.004369501
-0.49	0.0043992400000000004
-0.489	0.004429227
-0.488	0.004459463
-0.48700000000000004	0.004489942
-0.486	0.0045206759999999995
-0.485	0.004551664
-0.484	0.004582908
-0.483	0.004614416
-0.48200000000000004	0.00464618
-0.48100000000000004	0.004678211
-0.48	0.0047105129999999995
-0.479	0.0047430779999999995
-0.478	0.00477592
-0.47700000000000004	0.0048090400000000005
-0.47600000000000003	0.004842432
-0.475	0.004876109
-0.474	0.004910070000000001
-0.473	0.004944317
-0.47200000000000003	0.0049788589999999995
-0.47100000000000003	0.005013687
-0.47	0.005048813
-0.469	0.005084242
-0.46799999999999997	0.005119965999999999
-0.467	0.005155999
-0.466	0.0051923429999999994
-0.465	0.005228992
-0.46399999999999997	0.00526596
-0.46299999999999997	0.005303246
-0.462	0.005340851999999999
-0.461	0.0053787869999999995
-0.46	0.005417044
-0.45899999999999996	0.005455635
-0.45799999999999996	0.005494564
-0.457	0.0055338259999999995
-0.456	0.005573432
-0.455	0.005613386999999999
-0.45399999999999996	0.005653685
-0.45299999999999996	0.00569434
-0.452	0.005735351
-0.451	0.005776721
-0.45	0.00581846
-0.449	0.005860561
-0.44799999999999995	0.0059030359999999995
-0.447	0.005945891
-0.446	0.005989119
-0.445	0.006032735
-0.444	0.006076740000000001
-0.44299999999999995	0.006121133
-0.442	0.006165925
-0.441	0.006211118000000001
-0.44	0.0062567149999999995
-0.439	0.006302725
-0.43799999999999994	0.006349143
-0.43700000000000006	0.006395982
-0.436	0.006443246999999999
-0.435	0.006490932
-0.434	0.0065390529999999995
-0.433	0.006587612
-0.43200000000000005	0.006636606999999999
-0.431	0.006686052
-0.43	0.006735947
-0.429	0.0067862980000000005
-0.428	0.006837114
-0.42700000000000005	0.006888389000000001
-0.426	0.006940137
-0.425	0.0069923649999999995
-0.424	0.007045068000000001
-0.423	0.007098261
-0.42200000000000004	0.007151948
-0.42100000000000004	0.007206126
-0.42	0.007260811
-0.419	0.0073160049999999996
-0.418	0.007371710999999999
-0.41700000000000004	0.0074279409999999995
-0.41600000000000004	0.007484690999999999
-0.415	0.007541974000000001
-0.414	0.007599798
-0.413	0.007658158
-0.41200000000000003	0.007717071999999998
-0.41100000000000003	0.007776541999999999
-0.41	0.007836568
-0.409	0.007897166999999998
-0.408	0.007958338
-0.40700000000000003	0.00802009
-0.406	0.008082432
-0.405	0.008145363000000001
-0.40399999999999997	0.008208894999999999
-0.40299999999999997	0.008273039
-0.402	0.00833779
-0.401	0.008403165
-0.4	0.00846917
-0.39899999999999997	0.008535805
-0.39799999999999996	0.008603085
-0.397	0.008671014
-0.396	0.0087396
-0.395	0.008808853
-0.39399999999999996	0.008878773000000001
-0.39299999999999996	0.008949374
-0.392	0.009020666
-0.391	0.009092646999999999
-0.39	0.009165334
-0.389	0.009238735
-0.38799999999999996	0.009312848
-0.387	0.009387693
-0.386	0.009463273000000001
-0.385	0.009539596999999999
-0.384	0.009616677
-0.38299999999999995	0.009694511999999999
-0.382	0.00977312
-0.381	0.009852511
-0.38	0.009932683
-0.379	0.01001366
-0.37799999999999995	0.01009544
-0.377	0.01017803
-0.376	0.01026145
-0.375	0.0103457
-0.374	0.0104308
-0.373	0.01051675
-0.37200000000000005	0.01060356
-0.371	0.01069125
-0.37	0.010779829999999999
-0.369	0.0108693
-0.368	0.01095967
-0.36700000000000005	0.01105096
-0.366	0.01114317
-0.365	0.011236320000000001
-0.364	0.011330419999999999
-0.363	0.01142547
-0.36200000000000004	0.01152151
-0.361	0.01161851
-0.36	0.01171651
-0.359	0.01181552
-0.358	0.01191554
-0.35700000000000004	0.012016589999999999
-0.35600000000000004	0.01211868
-0.355	0.01222182
-0.354	0.01232603
-0.353	0.012431310000000001
-0.35200000000000004	0.01253768
-0.35100000000000003	0.01264516
-0.35	0.01275375
-0.349	0.01286347
-0.348	0.012974330000000001
-0.34700000000000003	0.013086349999999998
-0.34600000000000003	0.01319953
-0.345	0.013313900000000002
-0.344	0.01342946
-0.34299999999999997	0.013546240000000001
-0.342	0.013664230000000001
-0.341	0.013783469999999999
-0.34	0.01390396
-0.33899999999999997	0.014025720000000002
-0.33799999999999997	0.014148759999999998
-0.337	0.014273099999999999
-0.336	0.014398750000000002
-0.335	0.014525729999999999
-0.33399999999999996	0.014654060000000002
-0.33299999999999996	0.01478375
-0.332	0.01491481
-0.331	0.01504726
-0.33	0.015181120000000001
-0.32899999999999996	0.015316409999999999
-0.32799999999999996	0.015453139999999999
-0.327	0.015591319999999999
-0.326	0.01573099
-0.325	0.01587214
-0.324	0.01601481
-0.32299999999999995	0.016159
-0.322	0.01630473
-0.321	0.01645203
-0.32	0.01660091
-0.319	0.01675139
-0.318	0.01690349
-0.317	0.01705722
-0.316	0.01721261
-0.315	0.01736968
-0.314	0.01752843
-0.313	0.0176889
-0.312	0.01785111
-0.311	0.01801506
-0.31	0.01818079
-0.309	0.01834831
-0.308	0.01851764
-0.307	0.01868881
-0.306	0.01886183
-0.305	0.01903673
-0.304	0.01921352
-0.303	0.01939223
-0.302	0.01957288
-0.301	0.01975549
-0.3	0.01994008
-0.299	0.02012667
-0.298	0.020315299999999998
-0.297	0.02050596
-0.29600000000000004	0.02069871
-0.295	0.02089354
-0.294	0.02109049
-0.293	0.02128959
-0.292	0.02149084
-0.29100000000000004	0.02169427
-0.29	0.02189992
-0.289	0.0221078
-0.28800000000000003	0.022317939999999998
-0.287	0.02253035
-0.28600000000000003	0.022745070000000003
-0.285	0.02296211
-0.284	0.02318151
-0.28300000000000003	0.023403280000000002
-0.282	0.023627449999999998
-0.281	0.02385405
-0.28	0.02408309
-0.27899999999999997	0.02431461
-0.278	0.02454862
-0.27699999999999997	0.02478515
-0.276	0.02502424
-0.275	0.02526589
-0.27399999999999997	0.02551014
-0.273	0.025757
-0.272	0.026006509999999997
-0.271	0.02625869
-0.27	0.026513560000000002
-0.26899999999999996	0.02677116
-0.268	0.027031490000000002
-0.267	0.02729459
-0.266	0.027560480000000002
-0.265	0.027829180000000002
-0.264	0.028100720000000003
-0.263	0.028375130000000002
-0.262	0.028652409999999996
-0.261	0.02893261
-0.26	0.02921574
-0.259	0.029501819999999998
-0.258	0.02979088
-0.257	0.030082940000000002
-0.256	0.03037802
-0.255	0.030676139999999998
-0.254	0.03097733
-0.253	0.0312816
-0.252	0.03158897
-0.251	0.03189947
-0.25	0.03221311
-0.249	0.03252991
-0.248	0.03284989
-0.247	0.03317307
-0.24600000000000002	0.03349946
-0.245	0.03382908
-0.244	0.03416195
-0.243	0.03449807
-0.242	0.03483747
-0.24100000000000002	0.03518015
-0.24	0.03552613
-0.239	0.035875420000000005
-0.23800000000000002	0.03622802
-0.237	0.03658395
-0.23600000000000002	0.03694321
-0.235	0.037305819999999996
-0.23399999999999999	0.03767176
-0.233	0.03804105
-0.23199999999999998	0.03841369
-0.231	0.03878968
-0.23	0.03916902
-0.22899999999999998	0.039551710000000004
-0.228	0.03993773
-0.22699999999999998	0.040327089999999996
-0.226	0.04071977
-0.225	0.041115769999999996
-0.22399999999999998	0.04151508
-0.223	0.04191767
-0.222	0.04232354
-0.221	0.04273266
-0.22	0.043145010000000004
-0.21899999999999997	0.04356058
-0.218	0.04397932
-0.217	0.04440122
-0.21600000000000003	0.04482624
-0.215	0.045254329999999995
-0.214	0.04568548
-0.213	0.046119639999999996
-0.212	0.04655675
-0.21100000000000002	0.04699678
-0.21	0.04743967
-0.209	0.047885359999999995
-0.20800000000000002	0.04833381
-0.207	0.048784930000000004
-0.20600000000000002	0.04923868
-0.205	0.04969497
-0.204	0.05015372
-0.203	0.05061487
-0.20199999999999999	0.05107833
-0.201	0.05154399
-0.2	0.052011789999999995
-0.19899999999999998	0.0524816
-0.198	0.05295333000000001
-0.19699999999999998	0.05342688
-0.196	0.053902099999999994
-0.195	0.0543789
-0.19399999999999998	0.05485716
-0.193	0.055336710000000004
-0.192	0.055817439999999996
-0.191	0.05629921
-0.19	0.05678184
-0.18899999999999997	0.0572652
-0.188	0.05774912000000001
-0.187	0.05823342
-0.18600000000000003	0.058717939999999996
-0.185	0.05920246
-0.184	0.05968682
-0.183	0.06017082000000001
-0.182	0.060654229999999996
-0.18100000000000002	0.06113686
-0.18	0.06161849999999999
-0.179	0.06209886
-0.17800000000000002	0.06257778
-0.177	0.06305498
-0.17600000000000002	0.06353020000000001
-0.175	0.06400323
-0.174	0.06447372
-0.17300000000000001	0.06494147
-0.172	0.06540618
-0.171	0.06586753
-0.17	0.06632526
-0.16899999999999998	0.06677907
-0.168	0.0672286
-0.16699999999999998	0.06767358000000001
-0.166	0.06811368
-0.165	0.06854855
-0.16399999999999998	0.0689779
-0.163	0.0694013
-0.162	0.06981847000000001
-0.161	0.07022906000000001
-0.16	0.07063265
-0.159	0.07102895
-0.158	0.07141755000000001
-0.157	0.07179806999999999
-0.156	0.0721702
-0.155	0.07253348999999999
-0.154	0.07288762
-0.153	0.07323224
-0.152	0.0735669
-0.151	0.07389119
-0.15	0.07420457
-0.149	0.07450656
-0.14800000000000002	0.07479775
-0.147	0.07507743
-0.146	0.07534471999999999
-0.145	0.07559945
-0.14400000000000002	0.07584131999999999
-0.14300000000000002	0.07607001000000001
-0.142	0.07628523
-0.141	0.07648665
-0.14	0.07667401
-0.139	0.07684701
-0.138	0.07700541
-0.13699999999999998	0.07714897
-0.136	0.07727745999999999
-0.135	0.07739071
-0.134	0.07748852
-0.133	0.07757075
-0.132	0.0776373
-0.131	0.07768805
-0.13	0.07772296
-0.129	0.07774199
-0.128	0.07774514
-0.127	0.07773246
-0.126	0.07770402
-0.125	0.07765993
-0.124	0.07760034
-0.12300000000000001	0.07752545
-0.122	0.07743549000000001
-0.121	0.07733073
-0.12	0.07721149000000001
-0.11900000000000001	0.07707813999999999
-0.11800000000000001	0.07693107
-0.11699999999999999	0.07677074
-0.11599999999999999	0.07659765
-0.115	0.07641233
-0.114	0.07621536999999999
-0.113	0.07600739999999999
-0.11199999999999999	0.07578909
-0.111	0.07556117000000001
-0.11	0.07532438
-0.109	0.07507953
-0.10800000000000001	0.07482747000000001
-0.107	0.07456906
-0.106	0.07430523
-0.105	0.07403693
-0.10400000000000001	0.07376513
-0.10300000000000001	0.07349085999999999
-0.102	0.07321515
-0.10099999999999999	0.07293907000000001
-0.1	0.07266371
-0.099	0.0723902
-0.098	0.07211965000000001
-0.09699999999999999	0.0718532
-0.096	0.07159203
-0.095	0.07133728
-0.094	0.07109013
-0.09300000000000001	0.07085176
-0.092	0.07062333999999999
-0.091	0.07040603
-0.09	0.07020101
-0.08900000000000001	0.07000942
-0.08800000000000001	0.06983241
-0.087	0.06967111
-0.086	0.06952663
-0.085	0.06940006
-0.084	0.06929247000000001
-0.083	0.06920491
-0.08199999999999999	0.06913838
-0.081	0.06909389
-0.08	0.06907238
-0.079	0.06907478
-0.078	0.06910198000000001
-0.077	0.06915484
-0.076	0.06923415
-0.075	0.06934071
-0.07400000000000001	0.06947524
-0.073	0.06963843
-0.07200000000000001	0.06983093
-0.071	0.07005334
-0.07	0.07030621
-0.069	0.07059006000000001
-0.068	0.07090532
-0.067	0.07125243
-0.066	0.07163171
-0.065	0.07204349
-0.064	0.07248800999999999
-0.063	0.07296546
-0.062	0.07347598000000001
-0.061	0.07401965
-0.06	0.07459647999999999
-0.059000000000000004	0.07520644
-0.057999999999999996	0.07584941
-0.057	0.07652523
-0.055999999999999994	0.07723366
-0.055	0.0779744
-0.054000000000000006	0.07874707
-0.053	0.07955124
-0.052000000000000005	0.08038638
-0.051	0.0812519
-0.05	0.08214713
-0.049	0.08307132
-0.048	0.08402364999999999
-0.047	0.08500318999999999
-0.046	0.08600896
-0.045	0.08703986999999999
-0.044000000000000004	0.08809475
-0.043	0.08917234
-0.042	0.0902713
-0.040999999999999995	0.09139019
-0.04	0.09252748000000001
-0.039	0.09368155
-0.038	0.09485068
-0.037000000000000005	0.09603309
-0.036000000000000004	0.09722686999999999
-0.035	0.09843005
-0.034	0.09964056
-0.033	0.1008563
-0.032	0.1020749
-0.031	0.1032942
-0.03	0.10451179999999999
-0.028999999999999998	0.10572519999999999
-0.027999999999999997	0.1069319
-0.027000000000000003	0.10812930000000001
-0.026000000000000002	0.10931489999999999
-0.025	0.1104859
-0.024	0.11163980000000001
-0.023	0.1127737
-0.022000000000000002	0.1138849
-0.021	0.11497080000000001
-0.02	0.1160285
-0.019	0.11705530000000001
-0.018000000000000002	0.1180487
-0.017	0.1190058
-0.016	0.1199242
-0.015	0.12080129999999999
-0.013999999999999999	0.1216345
-0.013000000000000001	0.12242169999999998
-0.012	0.1231604
-0.011000000000000001	0.12384860000000002
-0.01	0.12448419999999999
-0.009000000000000001	0.1250653
-0.008	0.1255902
-0.006999999999999999	0.12605719999999998
-0.006	0.1264649
-0.005	0.1268121
-0.004	0.1270976
-0.003	0.1273206
-0.002	0.1274804
-0.001	0.1275762
-1.404349e-14	0.1276083
0.001	0.1275763
0.002	0.1274806
0.003	0.1273209
0.004	0.127098
0.005	0.1268126
0.006	0.1264655
0.006999999999999999	0.1260579
0.008	0.125591
0.009000000000000001	0.12506620000000002
0.01	0.12448530000000001
0.011000000000000001	0.12384980000000001
0.012	0.1231617
0.013000000000000001	0.122423
0.013999999999999999	0.121636
0.015	0.1208028
0.016	0.1199258
0.017	0.1190075
0.018000000000000002	0.11805050000000002
0.019	0.1170573
0.02	0.11603050000000001
0.021	0.1149729
0.022000000000000002	0.1138871
0.023	0.112776
0.024	0.1116422
0.025	0.1104885
0.026000000000000002	0.1093175
0.027000000000000003	0.10813199999999999
0.027999999999999997	0.1069347
0.028999999999999998	0.10572809999999999
0.03	0.10451480000000002
0.031	0.1032973
0.032	0.1020781
0.033	0.1008595
0.034	0.09964392
0.035	0.09843350000000001
0.036000000000000004	0.09723042
0.037000000000000005	0.09603673
0.038	0.09485442000000001
0.039	0.09368538
0.04	0.09253141000000001
0.040999999999999995	0.09139422
0.042	0.09027542
0.043	0.08917655999999999
0.044000000000000004	0.08809907
0.045	0.08704428
0.046	0.08601347
0.047	0.08500780999999999
0.048	0.08402836
0.049	0.08307613999999999
0.05	0.08215204999999999
0.051	0.08125692
0.052000000000000005	0.08039151
0.053	0.07955648
0.054000000000000006	0.07875241999999999
0.055	0.07797985
0.055999999999999994	0.07723922
0.057	0.07653091
0.057999999999999996	0.0758552
0.059000000000000004	0.07521235
0.06	0.07460251
0.061	0.0740258
0.062	0.07348226
0.063	0.07297187000000001
0.064	0.07249454
0.065	0.07205015
0.066	0.07163851
0.067	0.07125935
0.068	0.07091239
0.069	0.07059726000000001
0.07	0.07031357
0.071	0.07006084
0.07200000000000001	0.06983858
0.073	0.06964623
0.07400000000000001	0.0694832
0.075	0.06934883
0.076	0.06924243000000001
0.077	0.06916328
0.078	0.0691106
0.079	0.06908357
0.08	0.06908134
0.081	0.06910303
0.08199999999999999	0.06914771
0.083	0.06921442
0.084	0.06930217
0.085	0.06940995
0.086	0.06953672
0.087	0.06968139999999999
0.08800000000000001	0.0698429
0.08900000000000001	0.07002011
0.09	0.07021191
0.091	0.07041713999999999
0.092	0.07063466
0.09300000000000001	0.0708633
0.094	0.0711019
0.095	0.07134926
0.096	0.07160424
0.09699999999999999	0.07186564
0.098	0.07213230999999999
0.099	0.07240309
0.1	0.07267684
0.10099999999999999	0.07295243
0.102	0.07322874
0.10300000000000001	0.07350469000000001
0.10400000000000001	0.0737792
0.105	0.07405123999999999
0.106	0.07431978
0.107	0.07458385
0.10800000000000001	0.07484249999999999
0.109	0.0750948
0.11	0.07533989
0.111	0.07557691
0.11199999999999999	0.07580508
0.113	0.07602362
0.114	0.07623183
0.115	0.07642903
0.11599999999999999	0.07661459
0.11699999999999999	0.07678791
0.11800000000000001	0.07694848
0.11900000000000001	0.07709578
0.12	0.07722936
0.121	0.07734883
0.122	0.07745381999999999
0.12300000000000001	0.077544
0.124	0.07761911
0.125	0.07767892
0.126	0.07772322000000001
0.127	0.07775188000000001
0.128	0.07776477
0.129	0.07776182
0.13	0.07774299999999999
0.131	0.0777083
0.132	0.07765774
0.133	0.0775914
0.134	0.07750934999999999
0.135	0.07741173
0.136	0.07729868000000001
0.13699999999999998	0.07717037
0.138	0.077027
0.139	0.07686878
0.14	0.07669595
0.141	0.07650877
0.142	0.07630752
0.14300000000000002	0.07609247000000001
0.14400000000000002	0.07586393000000001
0.145	0.07562221
0.146	0.07536764
0.147	0.0751005
0.14800000000000002	0.07482097
0.149	0.07452993000000001
0.15	0.07422807000000001
0.151	0.07391477
0.152	0.07359052
0.153	0.07325589
0.154	0.07291129
0.155	0.07255718
0.156	0.07219391
0.157	0.07182178
0.158	0.07144127
0.159	0.07105266
0.16	0.07065636
0.161	0.07025276
0.162	0.06984216
0.163	0.06942498000000001
0.16399999999999998	0.06900155
0.165	0.06857219
0.166	0.06813728999999999
0.16699999999999998	0.06769717
0.168	0.06725216
0.16899999999999998	0.06680259
0.17	0.06634875
0.171	0.06589098
0.172	0.0654296
0.17300000000000001	0.06496484000000001
0.174	0.06449705
0.175	0.0640265
0.17600000000000002	0.06355344
0.177	0.06307816000000001
0.17800000000000002	0.06260091
0.179	0.062121939999999994
0.18	0.061641510000000004
0.18100000000000002	0.061159820000000004
0.182	0.06067713
0.183	0.06019366
0.184	0.0597096
0.185	0.05922518
0.18600000000000003	0.058740589999999995
0.187	0.058256010000000004
0.188	0.05777165
0.18899999999999997	0.057287660000000004
0.19	0.056804240000000006
0.191	0.056321529999999995
0.192	0.055839700000000006
0.193	0.0553589
0.19399999999999998	0.054879269999999994
0.195	0.054400950000000003
0.196	0.05392407
0.19699999999999998	0.05344877
0.198	0.05297516000000001
0.19899999999999998	0.05250335
0.2	0.052033460000000004
0.201	0.051565599999999996
0.20199999999999999	0.051099860000000004
0.203	0.05063633
0.204	0.0501751
0.205	0.04971627
0.20600000000000002	0.0492599
0.207	0.048806079999999995
0.20800000000000002	0.04835488
0.209	0.04790636
0.21	0.047460590000000004
0.21100000000000002	0.047017619999999996
0.212	0.04657752
0.213	0.046140320000000005
0.214	0.04570609
0.215	0.04527487
0.21600000000000003	0.04484669
0.217	0.0444216
0.218	0.043999619999999996
0.21899999999999997	0.043580799999999996
0.22	0.04316517
0.221	0.04275274
0.222	0.04234354
0.223	0.0419376
0.22399999999999998	0.04153492
0.225	0.04113554
0.226	0.04073947
0.22699999999999998	0.0403467
0.228	0.03995727
0.22899999999999998	0.03957117
0.23	0.03918841
0.231	0.038808999999999996
0.23199999999999998	0.03843294
0.233	0.03806022
0.23399999999999999	0.03769086
0.235	0.037324829999999996
0.23600000000000002	0.03696216
0.237	0.03660283
0.23800000000000002	0.03624682
0.239	0.03589415
0.24	0.03554479
0.24100000000000002	0.03519873
0.242	0.03485598
0.243	0.03451651
0.244	0.03418032
0.245	0.033847379999999996
0.24600000000000002	0.033517689999999996
0.247	0.03319123
0.248	0.03286798
0.249	0.03254793
0.25	0.03223106
0.251	0.03191735
0.252	0.03160679
0.253	0.03129935
0.254	0.030995010000000003
0.255	0.030693759999999997
0.256	0.030395569999999997
0.257	0.03010043
0.258	0.029808300000000003
0.259	0.02951918
0.26	0.029233030000000004
0.261	0.02894984
0.262	0.02866957
0.263	0.028392219999999996
0.264	0.02811775
0.265	0.02784615
0.266	0.02757738
0.267	0.02731143
0.268	0.027048270000000003
0.26899999999999996	0.02678788
0.27	0.026530220000000004
0.271	0.02627529
0.272	0.02602305
0.273	0.02577348
0.27399999999999997	0.025526550000000002
0.275	0.02528225
0.276	0.02504054
0.27699999999999997	0.0248014
0.278	0.0245648
0.27899999999999997	0.02433073
0.28	0.02409916
0.281	0.023870060000000002
0.282	0.02364341
0.28300000000000003	0.02341918
0.284	0.02319735
0.285	0.0229779
0.28600000000000003	0.0227608
0.287	0.022546029999999998
0.28800000000000003	0.02233356
0.289	0.02212337
0.29	0.02191544
0.29100000000000004	0.021709739999999998
0.292	0.02150625
0.293	0.021304939999999998
0.294	0.0211058
0.295	0.02090879
0.29600000000000004	0.020713910000000002
0.297	0.02052112
0.298	0.02033039
0.299	0.020141720000000002
0.3	0.01995508
0.301	0.01977043
0.302	0.01958777
0.303	0.01940708
0.304	0.01922832
0.305	0.01905148
0.306	0.01887653
0.307	0.01870346
0.308	0.01853225
0.309	0.01836287
0.31	0.0181953
0.311	0.01802952
0.312	0.01786552
0.313	0.01770327
0.314	0.01754275
0.315	0.01738395
0.316	0.01722684
0.317	0.01707141
0.318	0.01691763
0.319	0.01676549
0.32	0.016614959999999998
0.321	0.01646604
0.322	0.016318700000000002
0.32299999999999995	0.01617292
0.324	0.01602868
0.325	0.01588597
0.326	0.01574478
0.327	0.01560507
0.32799999999999996	0.015466839999999999
0.32899999999999996	0.015330070000000001
0.33	0.015194739999999998
0.331	0.015060839999999999
0.332	0.01492835
0.33299999999999996	0.01479724
0.33399999999999996	0.014667519999999998
0.335	0.01453915
0.336	0.014412129999999999
0.337	0.01428643
0.33799999999999997	0.014162049999999999
0.33899999999999997	0.014038970000000001
0.34	0.01391718
0.341	0.013796649999999999
0.342	0.01367737
0.34299999999999997	0.01355933
0.344	0.01344252
0.345	0.01332692
0.34600000000000003	0.01321251
0.34700000000000003	0.01309929
0.348	0.01298724
0.349	0.012876339999999998
0.35	0.01276658
0.35100000000000003	0.01265795
0.35200000000000004	0.012550440000000001
0.353	0.01244403
0.354	0.012338710000000001
0.355	0.01223447
0.35600000000000004	0.01213129
0.35700000000000004	0.01202917
0.358	0.01192808
0.359	0.01182803
0.36	0.01172898
0.361	0.01163095
0.36200000000000004	0.01153391
0.363	0.01143784
0.364	0.011342749999999999
0.365	0.011248619999999999
0.366	0.01115543
0.36700000000000005	0.01106319
0.368	0.01097187
0.369	0.010881459999999999
0.37	0.01079196
0.371	0.01070335
0.37200000000000005	0.010615630000000001
0.373	0.01052878
0.374	0.0104428
0.375	0.01035767
0.376	0.01027338
0.377	0.01018993
0.37799999999999995	0.0101073
0.379	0.010025490000000001
0.38	0.009944488
0.381	0.009864282
0.382	0.009784863
0.38299999999999995	0.009706223
0.384	0.009628355
0.385	0.009551246000000001
0.386	0.009474891
0.387	0.009399280999999999
0.38799999999999996	0.009324406
0.389	0.009250259
0.39	0.009176831
0.391	0.009104114
0.392	0.0090321
0.39299999999999996	0.008960781
0.39399999999999996	0.00889015
0.395	0.008820198000000001
0.396	0.008750918
0.397	0.008682302
0.39799999999999996	0.008614344
0.39899999999999997	0.008547035
0.4	0.008480369
0.401	0.008414337
0.402	0.008348933000000001
0.40299999999999997	0.008284151
0.40399999999999997	0.008219981
0.405	0.00815642
0.406	0.00809346
0.40700000000000003	0.008031092
0.408	0.007969312
0.409	0.007908112
0.41	0.007847487
0.41100000000000003	0.007787430000000001
0.41200000000000003	0.0077279340000000005
0.413	0.007668994000000001
0.414	0.007610604000000001
0.415	0.007552755
0.41600000000000004	0.007495444999999999
0.41700000000000004	0.0074386669999999995
0.418	0.007382412
0.419	0.007326679
0.42	0.007271459
0.42100000000000004	0.007216747999999999
0.42200000000000004	0.00716254
0.423	0.007108829
0.424	0.00705561
0.425	0.007002879
0.426	0.006950627
0.42700000000000005	0.006898853000000001
0.428	0.00684755
0.429	0.006796711999999999
0.43	0.006746335000000001
0.431	0.006696414
0.43200000000000005	0.006646944000000001
0.433	0.006597921
0.434	0.006549338
0.435	0.0065011919999999985
0.436	0.006453479
0.43700000000000006	0.0064061909999999994
0.43799999999999994	0.006359328000000001
0.439	0.006312883000000001
0.44	0.00626685
0.441	0.0062212280000000005
0.442	0.0061760109999999995
0.44299999999999995	0.006131194
0.444	0.0060867759999999995
0.445	0.006042746999999999
0.446	0.005999108
0.447	0.0059558530000000005
0.44799999999999995	0.005912976999999999
0.449	0.005870478000000001
0.45	0.005828351
0.451	0.005786591
0.452	0.005745196
0.45299999999999996	0.005704162
0.45399999999999996	0.005663484000000001
0.455	0.005623161
0.456	0.005583185
0.457	0.0055435549999999995
0.45799999999999996	0.0055042680000000005
0.45899999999999996	0.005465318
0.46	0.005426703000000001
0.461	0.005388421
0.462	0.0053504649999999996
0.46299999999999997	0.0053128360000000005
0.46399999999999997	0.005275528000000001
0.465	0.005238538
0.466	0.005201863
0.467	0.0051654990000000005
0.46799999999999997	0.005129444
0.469	0.005093694
0.47	0.005058245
0.47100000000000003	0.0050230959999999995
0.47200000000000003	0.004988244
0.473	0.004953683
0.474	0.004919413
0.475	0.004885431
0.47600000000000003	0.004851732
0.47700000000000004	0.004818315
0.478	0.0047851759999999995
0.479	0.004752312
0.48	0.0047197229999999995
0.48100000000000004	0.004687402
0.48200000000000004	0.0046553490000000005
0.483	0.004623562
0.484	0.0045920349999999995
0.485	0.004560769
0.486	0.004529759
0.48700000000000004	0.004499004
0.488	0.004468501
0.489	0.004438246
0.49	0.004408238
0.491	0.004378476
0.49200000000000005	0.004348954
0.493	0.004319672
0.494	0.004290629000000001
0.495	0.004261818
0.496	0.004233242
0.49700000000000005	0.004204895
0.498	0.004176775999999999
0.499	0.004148885
0.5	0.004121215
0.501	0.004093767000000001
0.502	0.004066539
0.503	0.004039527
0.504	0.00401273
0.505	0.003986147000000001
0.506	0.003959773
0.507	0.003933610000000001
0.508	0.003907653
0.509	0.0038819
0.51	0.003856351
0.511	0.003831002
0.512	0.003805852
0.513	0.0037809
0.514	0.0037561419999999996
0.515	0.0037315779999999997
0.516	0.003707205
0.517	0.0036830210000000003
0.518	0.003659026
0.519	0.0036352159999999997
0.52	0.003611591
0.521	0.003588149
0.522	0.003564887
0.523	0.0035418040000000004
0.524	0.0035188990000000002
0.525	0.003496168
0.526	0.0034736129999999995
0.527	0.0034512300000000004
0.528	0.003429016
0.529	0.0034069729999999998
0.53	0.0033850970000000005
0.531	0.0033633879999999997
0.532	0.003341843
0.5329999999999999	0.00332046
0.534	0.003299239
0.535	0.003278179
0.536	0.0032572759999999995
0.537	0.003236531
0.5379999999999999	0.0032159420000000003
0.539	0.003195505
0.54	0.003175222
0.541	0.0031550899999999997
0.542	0.003135108
0.5429999999999999	0.0031152759999999997
0.544	0.003095589
0.545	0.0030760479999999996
0.546	0.003056653
0.547	0.003037399
0.5479999999999999	0.0030182879999999996
0.5489999999999999	0.002999318
0.55	0.0029804859999999996
0.551	0.002961793
0.552	0.002943236
0.5529999999999999	0.002924816
0.5539999999999999	0.00290653
0.555	0.002888375
0.556	0.0028703540000000003
0.557	0.002852463
0.5579999999999999	0.002834701
0.5589999999999999	0.002817068
0.56	0.0027995629999999997
0.561	0.0027821820000000002
0.562	0.002764927
0.563	0.0027477959999999994
0.564	0.0027307879999999996
0.565	0.0027139020000000002
0.5660000000000001	0.0026971350000000002
0.5670000000000001	0.0026804879999999995
0.568	0.00266396
0.569	0.002647549
0.57	0.0026312540000000004
0.5710000000000001	0.0026150749999999997
0.5720000000000001	0.0025990089999999998
0.573	0.0025830579999999996
0.574	0.0025672179999999996
0.575	0.00255149
0.5760000000000001	0.0025358729999999997
0.5770000000000001	0.002520363
0.578	0.0025049630000000002
0.579	0.002489671
0.58	0.002474484
0.581	0.002459403
0.5820000000000001	0.002444428
0.583	0.002429555
0.584	0.002414785
0.585	0.0024001179999999997
0.586	0.002385551
0.5870000000000001	0.002371086
0.588	0.002356718
0.589	0.00234245
0.59	0.002328279
0.591	0.002314204
0.5920000000000001	0.002300226
0.593	0.002286344
0.594	0.002272554
0.595	0.0022588589999999998
0.596	0.002245257
0.597	0.002231746
0.598	0.002218327
0.599	0.0022049979999999997
0.6	0.002191758
0.601	0.002178608
0.602	0.0021655449999999996
0.603	0.00215257
0.604	0.002139681
0.605	0.002126878
0.606	0.00211416
0.607	0.002101527
0.608	0.002088977
0.609	0.002076511
0.61	0.002064126
0.611	0.002051824
0.612	0.002039602
0.613	0.00202746
0.614	0.002015399
0.615	0.002003416
0.616	0.001991511
0.617	0.001979684
0.618	0.001967934
0.619	0.00195626
0.62	0.0019446620000000002
0.621	0.001933139
0.622	0.00192169
0.623	0.001910316
0.624	0.0018990129999999997
0.625	0.001887784
0.626	0.0018766279999999998
0.627	0.001865541
0.628	0.001854526
0.629	0.0018435819999999999
0.63	0.0018327070000000003
0.631	0.0018219010000000001
0.632	0.0018111639999999999
0.633	0.0018004939999999997
0.634	0.001789893
0.635	0.0017793570000000003
0.636	0.001768889
0.637	0.0017584859999999999
0.638	0.0017481479999999997
0.639	0.001737875
0.64	0.0017276659999999999
0.6409999999999999	0.001717521
0.642	0.0017074400000000002
0.643	0.00169742
0.644	0.001687463
0.645	0.0016775679999999997
0.6459999999999999	0.0016677329999999998
0.647	0.00165796
0.648	0.0016482470000000003
0.649	0.0016385920000000001
0.65	0.001628998
0.6509999999999999	0.0016194620000000001
0.652	0.001609984
0.653	0.001600564
0.654	0.001591201
0.655	0.0015818949999999998
0.6559999999999999	0.001572646
0.657	0.0015634520000000001
0.6579999999999999	0.001554314
0.659	0.0015452320000000001
0.66	0.0015362029999999999
0.6609999999999999	0.0015272299999999999
0.662	0.001518309
0.6629999999999999	0.0015094420000000002
0.664	0.001500629
0.665	0.001491867
0.6659999999999999	0.0014831579999999998
0.667	0.0014745
0.6679999999999999	0.0014658929999999998
0.669	0.0014573379999999999
0.67	0.0014488329999999998
0.6709999999999999	0.001440378
0.672	0.0014319729999999998
0.6729999999999999	0.001423617
0.674	0.00141531
0.675	0.0014070520000000002
0.6759999999999999	0.001398841
0.677	0.001390678
0.6779999999999999	0.0013825629999999998
0.679	0.001374494
0.68	0.001366472
0.6809999999999999	0.001358496
0.682	0.001350566
0.6829999999999999	0.001342681
0.684	0.0013348420000000001
0.685	0.001327047
0.6859999999999999	0.0013192979999999998
0.687	0.001311592
0.688	0.00130393
0.6890000000000001	0.001296312
0.69	0.0012887360000000002
0.691	0.001281204
0.6920000000000001	0.001273715
0.693	0.001266267
0.6940000000000001	0.001258861
0.695	0.001251498
0.696	0.001244173
0.6970000000000001	0.00123689
0.698	0.001229646
0.6990000000000001	0.001222444
0.7	0.001215283
0.701	0.0012081519999999999
0.7020000000000001	0.00120107
0.703	0.001194037
0.7040000000000001	0.001187031
0.705	0.001180058
0.706	0.001173131
0.7070000000000001	0.0011662419999999998
0.708	0.0011593880000000001
0.7090000000000001	0.001152571
0.71	0.001145791
0.711	0.00113905
0.7120000000000001	0.001132342
0.713	0.001125671
0.7140000000000001	0.001119036
0.715	0.001112437
0.716	0.001105873
0.7170000000000001	0.001099346
0.718	0.00109285
0.7190000000000001	0.0010863910000000001
0.72	0.0010799660000000001
0.721	0.0010735760000000001
0.722	0.0010672169999999999
0.723	0.001060893
0.7240000000000001	0.001054604
0.725	0.0010483439999999999
0.726	0.0010421179999999999
0.727	0.001035925
0.728	0.001029766
0.7290000000000001	0.001023636
0.73	0.00101754
0.731	0.001011473
0.732	0.001005438
0.733	0.0009994348999999999
0.7340000000000001	0.0009934639
0.735	0.0009875200999999998
0.736	0.0009816086000000001
0.737	0.0009757284000000001
0.738	0.0009698741
0.7390000000000001	0.0009640515999999999
0.74	0.0009582583999999998
0.741	0.000952496
0.742	0.0009467588000000001
0.743	0.0009410546
0.7440000000000001	0.0009353747999999999
0.745	0.0009297250999999999
0.746	0.0009241035999999999
0.747	0.0009185117
0.748	0.0009129438
0.7490000000000001	0.0009074062
0.75	0.0009018961
0.7509999999999999	0.0008964095
0.752	0.0008909516999999999
0.753	0.0008855203
0.754	0.0008801173
0.755	0.000874737
0.7559999999999999	0.0008693859
0.757	0.0008640576
0.758	0.0008587564
0.759	0.0008534807
0.76	0.0008482312
0.7609999999999999	0.000843004
0.762	0.0008378048
0.763	0.0008326280000000001
0.764	0.0008274761999999999
0.765	0.0008223485
0.7659999999999999	0.0008172474000000001
0.767	0.0008121669000000001
0.768	0.0008071102
0.769	0.0008020794000000001
0.77	0.0007970683
0.7709999999999999	0.0007920830000000001
0.772	0.0007871207000000001
0.773	0.0007821819
0.774	0.0007772625
0.775	0.0007723692999999998
0.7759999999999999	0.0007674964
0.777	0.0007626457000000001
0.778	0.0007578167999999999
0.779	0.0007530117
0.78	0.0007482255
0.7809999999999999	0.0007434619
0.782	0.0007387212
0.7829999999999999	0.0007339978
0.784	0.0007292975999999999
0.785	0.0007246181
0.7859999999999999	0.0007199610000000001
0.787	0.0007153207000000001
0.7879999999999999	0.0007107039999999999
0.789	0.0007061049
0.79	0.0007015271
0.7909999999999999	0.0006969691
0.792	0.0006924323
0.7929999999999999	0.0006879122
0.794	0.0006834128999999999
0.795	0.0006789338000000001
0.7959999999999999	0.0006744711
0.797	0.0006700286999999999
0.7979999999999999	0.0006656052000000001
0.799	0.0006612017
0.8	0.0006568139999999999
0.8009999999999999	0.000652448
0.802	0.0006480966999999999
0.8029999999999999	0.0006437652
0.804	0.0006394516000000001
0.805	0.0006351573
0.8059999999999999	0.0006308774
0.807	0.000626617
0.8079999999999999	0.0006223743
0.809	0.0006181469
0.81	0.0006139375
0.8109999999999999	0.0006097451
0.812	0.0006055704000000001
0.813	0.0006014108999999999
0.8140000000000001	0.0005972704
0.815	0.0005931431
0.816	0.0005890336000000001
0.8170000000000001	0.0005849402999999999
0.818	0.0005808645999999999
0.8190000000000001	0.0005768015
0.82	0.0005727566
0.821	0.0005687254
0.8220000000000001	0.0005647108999999999
0.823	0.0005607119
0.8240000000000001	0.0005567294000000001
0.825	0.0005527598
0.826	0.0005488053
0.8270000000000001	0.0005448674999999999
0.828	0.0005409424999999999
0.8290000000000001	0.0005370329
0.83	0.0005331377
0.831	0.0005292577999999999
0.8320000000000001	0.0005253903
0.833	0.0005215395
0.8340000000000001	0.0005177005999999999
0.835	0.0005138763
0.836	0.0005100657
0.8370000000000001	0.0005062707
0.838	0.0005024866
0.8390000000000001	0.0004987165
0.84	0.0004949611
0.841	0.0004912164
0.8420000000000001	0.0004874866
0.843	0.0004837699
0.8440000000000001	0.0004800667
0.845	0.00047637410000000004
0.846	0.00047269639999999996
0.847	0.0004690296
0.848	0.00046537579999999997
0.8490000000000001	0.0004617344
0.85	0.0004581061
0.851	0.0004544884
0.852	0.0004508838
0.853	0.00044729169999999996
0.8540000000000001	0.00044370959999999996
0.855	0.00044013989999999996
0.856	0.0004365818
0.857	0.0004330362
0.858	0.00042950019999999994
0.8590000000000001	0.00042597779999999997
0.86	0.00042246430000000005
0.861	0.0004189628
0.862	0.0004154724
0.863	0.0004119941000000001
0.8640000000000001	0.0004085243
0.865	0.00040506650000000005
0.866	0.00040161959999999997
0.867	0.0003981813
0.868	0.0003947547
0.8690000000000001	0.0003913384
0.87	0.00038793309999999995
0.871	0.0003845362
0.872	0.00038115089999999995
0.873	0.0003777739
0.8740000000000001	0.00037440760000000004
0.875	0.0003710511
0.8759999999999999	0.00036770469999999997
0.877	0.0003643664
0.878	0.000361039
0.879	0.00035772
0.88	0.00035441050000000005
0.8809999999999999	0.00035110999999999996
0.882	0.0003478194
0.883	0.00034453660000000004
0.884	0.0003412629
0.885	0.00033799910000000005
0.8859999999999999	0.0003347426
0.887	0.00033149519999999997
0.888	0.00032825620000000004
0.889	0.0003250265
0.89	0.0003218036
0.8909999999999999	0.0003185908
0.892	0.0003153846
0.893	0.000312187
0.894	0.0003089974
0.895	0.00030581689999999997
0.8959999999999999	0.0003026425
0.897	0.0002994762
0.898	0.0002963184
0.899	0.00029316650000000004
0.9	0.0002900232
0.9009999999999999	0.0002868872
0.902	0.0002837593
0.903	0.00028063689999999994
0.904	0.0002775233
0.905	0.00027441529999999996
0.9059999999999999	0.000271315
0.907	0.0002682216
0.9079999999999999	0.0002651359
0.909	0.00026205540000000005
0.91	0.000258982
0.9109999999999999	0.0002559157
0.912	0.00025285490000000004
0.9129999999999999	0.0002498011
0.914	0.0002467536
0.915	0.00024371259999999997
0.9159999999999999	0.00024067699999999999
0.917	0.0002376486
0.9179999999999999	0.0002346252
0.919	0.00023160810000000002
0.92	0.00022859669999999999
0.9209999999999999	0.0002255916
0.922	0.00022259130000000003
0.9229999999999999	0.00021959720000000002
0.924	0.00021660880000000003
0.925	0.0002136254
0.9259999999999999	0.00021064729999999997
0.927	0.0002076746
0.9279999999999999	0.00020470740000000002
0.929	0.00020174500000000003
0.93	0.0001987884
0.9309999999999999	0.0001958359
0.932	0.00019288860000000002
0.9329999999999999	0.0001899461
0.934	0.0001870088
0.935	0.00018407529999999998
0.9359999999999999	0.00018114729999999999
0.937	0.0001782231
0.938	0.0001753037
0.9390000000000001	0.00017238869999999998
0.94	0.00016947869999999997
0.941	0.0001665719
0.9420000000000001	0.00016366940000000002
0.943	0.0001607715
0.9440000000000001	0.0001578769
0.945	0.00015498659999999998
0.946	0.0001521002
0.9470000000000001	0.00014921799999999998
0.948	0.0001463386
0.9490000000000001	0.00014346379999999998
0.95	0.0001405918
0.951	0.0001377236
0.9520000000000001	0.0001348588
0.953	0.000131998
0.9540000000000001	0.00012913950000000002
0.955	0.0001262845
0.956	0.000123433
0.9570000000000001	0.00012058389999999999
0.958	0.00011773819999999999
0.9590000000000001	0.00011489559999999999
0.96	0.0001120559
0.961	0.0001092184
0.9620000000000001	0.0001063844
0.963	0.0001035523
0.9640000000000001	0.0001007231
0.965	9.789627e-05
0.966	9.507239e-05
0.9670000000000001	9.22502e-05
0.968	8.943065999999998e-05
0.9690000000000001	8.661353e-05
0.97	8.379788e-05
0.971	8.098472e-05
0.972	7.817356e-05
0.973	7.536447e-05
0.9740000000000001	7.255687e-05
0.975	6.975225000000001e-05
0.976	6.694779000000001e-05
0.977	6.414547e-05
0.978	6.134469000000001e-05
0.9790000000000001	5.854621999999999e-05
0.98	5.574838000000001e-05
0.981	5.2950350000000004e-05
0.982	5.015429e-05
0.983	4.736316e-05
0.9840000000000001	4.457358e-05
0.985	4.1784090000000005e-05
0.986	3.899156e-05
0.987	3.620231e-05
0.988	3.3416009999999994e-05
0.9890000000000001	3.063101e-05
0.99	2.7846950000000003e-05
0.991	2.5063429999999997e-05
0.992	2.2280100000000004e-05
0.993	1.949667e-05
0.9940000000000001	1.67129e-05
0.995	1.392864e-05
0.996	1.114382e-05
0.997	8.358448e-06
0.998	5.572595e-06
0.9990000000000001	2.78639e-06
1.0	7.840293e-17
