-1.0	0.0
-0.9990000000000001	2.798189e-06
-0.998	5.596389e-06
-0.997	8.394611000000001e-06
-0.996	1.119287e-05
-0.995	1.399116e-05
-0.9940000000000001	1.6789520000000004e-05
-0.993	1.9587950000000003e-05
-0.992	2.2386460000000004e-05
-0.991	2.5185059999999998e-05
-0.99	2.7983790000000004e-05
-0.9890000000000001	3.078264e-05
-0.988	3.358165e-05
-0.987	3.6380830000000005e-05
-0.986	3.91802e-05
-0.985	4.197979e-05
-0.9840000000000001	4.477962e-05
-0.983	4.757972e-05
-0.982	5.0380130000000004e-05
-0.981	5.3180869999999996e-05
-0.98	5.598198e-05
-0.9790000000000001	5.8783500000000004e-05
-0.978	6.158545999999999e-05
-0.977	6.438792e-05
-0.976	6.719091e-05
-0.975	6.999449000000001e-05
-0.9740000000000001	7.279871e-05
-0.973	7.560362e-05
-0.972	7.840929000000001e-05
-0.971	8.121577e-05
-0.97	8.402313e-05
-0.9690000000000001	8.683143e-05
-0.968	8.964075999999999e-05
-0.9670000000000001	9.245119000000001e-05
-0.966	9.526279000000001e-05
-0.965	9.807565e-05
-0.9640000000000001	0.0001008899
-0.963	0.00010370549999999999
-0.9620000000000001	0.00010652270000000002
-0.961	0.0001093415
-0.96	0.00011216200000000001
-0.9590000000000001	0.00011498440000000001
-0.958	0.00011780870000000002
-0.9570000000000001	0.0001206351
-0.956	0.00012346360000000002
-0.955	0.0001262945
-0.9540000000000001	0.00012912780000000001
-0.953	0.0001319636
-0.9520000000000001	0.0001348021
-0.951	0.0001376434
-0.95	0.0001404876
-0.9490000000000001	0.000143335
-0.948	0.0001462084
-0.9470000000000001	0.00014910580000000002
-0.946	0.00015200610000000003
-0.945	0.0001549092
-0.9440000000000001	0.0001578151
-0.943	0.00016072380000000001
-0.9420000000000001	0.00016363540000000003
-0.941	0.0001665499
-0.94	0.0001694671
-0.9390000000000001	0.0001723873
-0.938	0.0001753104
-0.937	0.0001782364
-0.9359999999999999	0.0001811654
-0.935	0.00018409750000000002
-0.934	0.0001870326
-0.9329999999999999	0.0001899709
-0.932	0.00019291240000000003
-0.9309999999999999	0.00019585720000000003
-0.93	0.0001988054
-0.929	0.0002017569
-0.9279999999999999	0.0002047121
-0.927	0.0002075342
-0.9259999999999999	0.00021049470000000003
-0.925	0.00021345990000000003
-0.924	0.00021642990000000003
-0.9229999999999999	0.0002194049
-0.922	0.00022238500000000002
-0.9209999999999999	0.0002253704
-0.92	0.0002283612
-0.919	0.0002313576
-0.9179999999999999	0.0002343596
-0.917	0.0002373675
-0.9159999999999999	0.0002403813
-0.915	0.0002434012
-0.914	0.0002464273
-0.9129999999999999	0.00024945990000000003
-0.912	0.0002524989
-0.9109999999999999	0.0002555445
-0.91	0.0002585968
-0.909	0.000261656
-0.9079999999999999	0.00026472210000000004
-0.907	0.0002677954
-0.9059999999999999	0.0002708758
-0.905	0.0002739635
-0.904	0.0002770585
-0.903	0.0002801611
-0.902	0.0002832713
-0.9009999999999999	0.00028638910000000005
-0.9	0.0002895147
-0.899	0.00029264810000000004
-0.898	0.00029578950000000003
-0.897	0.0002989388
-0.8959999999999999	0.00030209620000000003
-0.895	0.0003052618
-0.894	0.0003084356
-0.893	0.0003116176
-0.892	0.00031480799999999997
-0.8909999999999999	0.0003180068
-0.89	0.0003212141
-0.889	0.00032442980000000005
-0.888	0.0003276541
-0.887	0.000330887
-0.8859999999999999	0.0003339408
-0.885	0.0003371895
-0.884	0.00034044800000000003
-0.883	0.0003437164
-0.882	0.0003469946
-0.8809999999999999	0.00035028280000000005
-0.88	0.000353581
-0.879	0.0003568894
-0.878	0.00036020790000000007
-0.877	0.00036353650000000003
-0.8759999999999999	0.0003668755000000001
-0.875	0.0003702247
-0.8740000000000001	0.00037358430000000004
-0.873	0.0003769542
-0.872	0.0003803346
-0.871	0.00038372540000000004
-0.87	0.00038712670000000003
-0.8690000000000001	0.0003905385
-0.868	0.00039396080000000006
-0.867	0.00039739370000000003
-0.866	0.0004008372000000001
-0.865	0.00040429589999999997
-0.8640000000000001	0.0004077691000000001
-0.863	0.0004112524
-0.862	0.000414746
-0.861	0.0004182498000000001
-0.86	0.0004217637
-0.8590000000000001	0.0004252878
-0.858	0.00042882200000000004
-0.857	0.00043236640000000003
-0.856	0.00043592100000000003
-0.855	0.0004394857
-0.8540000000000001	0.00044306060000000005
-0.853	0.0004466458000000001
-0.852	0.00045024120000000006
-0.851	0.0004538469
-0.85	0.000457463
-0.8490000000000001	0.0004610894
-0.848	0.0004647263
-0.847	0.0004683737000000001
-0.846	0.0004720317
-0.845	0.00047570040000000004
-0.8440000000000001	0.0004791112
-0.843	0.0004828009
-0.8420000000000001	0.00048650320000000007
-0.841	0.0004902181
-0.84	0.0004939459
-0.8390000000000001	0.0004976866999999999
-0.838	0.0005014405
-0.8370000000000001	0.0005052076999999999
-0.836	0.0005089883
-0.835	0.0005127824
-0.8340000000000001	0.0005165902
-0.833	0.0005204118000000001
-0.8320000000000001	0.0005242474
-0.831	0.0005280972
-0.83	0.0005319612
-0.8290000000000001	0.0005358396000000001
-0.828	0.0005397325000000001
-0.8270000000000001	0.0005436401
-0.826	0.0005475625
-0.825	0.0005514999
-0.8240000000000001	0.0005554523000000001
-0.823	0.00055942
-0.8220000000000001	0.0005634030000000001
-0.821	0.0005674014
-0.82	0.0005714155
-0.8190000000000001	0.0005754453
-0.818	0.0005794909
-0.8170000000000001	0.0005835524999999999
-0.816	0.0005876303
-0.815	0.0005917242
-0.8140000000000001	0.0005958346
-0.813	0.0005999613000000001
-0.812	0.0006041047
-0.8109999999999999	0.0006082648000000001
-0.81	0.0006124418000000001
-0.809	0.0006166357
-0.8079999999999999	0.0006208467
-0.807	0.0006250748
-0.8059999999999999	0.0006293203
-0.805	0.0006335832
-0.804	0.0006378636
-0.8029999999999999	0.0006423199
-0.802	0.0006466327
-0.8009999999999999	0.0006509625
-0.8	0.0006553096000000001
-0.799	0.000659674
-0.7979999999999999	0.0006640559
-0.797	0.0006684556
-0.7959999999999999	0.0006728732000000001
-0.795	0.0006773088000000001
-0.794	0.0006817627000000001
-0.7929999999999999	0.0006862350000000001
-0.792	0.0006907259
-0.7909999999999999	0.0006952357000000001
-0.79	0.0006997646000000001
-0.789	0.0007043125999999999
-0.7879999999999999	0.0007088801
-0.787	0.0007134673
-0.7859999999999999	0.0007180743
-0.785	0.0007227014
-0.784	0.0007273488000000001
-0.7829999999999999	0.0007320167
-0.782	0.0007367745
-0.7809999999999999	0.0007415675000000001
-0.78	0.0007463802000000001
-0.779	0.0007512124000000002
-0.778	0.0007560639
-0.777	0.0007609346000000001
-0.7759999999999999	0.0007658243
-0.775	0.0007707330000000001
-0.774	0.0007756605000000001
-0.773	0.0007806067999999999
-0.772	0.0007855717
-0.7709999999999999	0.0007905552
-0.77	0.0007955574
-0.769	0.0008005781
-0.768	0.0008056175
-0.767	0.0008106753999999999
-0.7659999999999999	0.0008157521000000001
-0.765	0.0008208475
-0.764	0.0008259619000000001
-0.763	0.0008310952000000001
-0.762	0.0008363056000000001
-0.7609999999999999	0.0008414761000000001
-0.76	0.0008466659
-0.759	0.0008518752000000002
-0.758	0.0008571042000000001
-0.757	0.0008623533
-0.7559999999999999	0.0008676228
-0.755	0.000872913
-0.754	0.0008782242
-0.753	0.0008835567999999999
-0.752	0.0008889113
-0.7509999999999999	0.0008942881000000001
-0.75	0.0008996875
-0.7490000000000001	0.0009051100999999999
-0.748	0.0009105563000000001
-0.747	0.0009160266
-0.746	0.0009215216
-0.745	0.0009270418
-0.7440000000000001	0.0009325877
-0.743	0.0009381599000000001
-0.742	0.0009437588999999999
-0.741	0.0009493853999999999
-0.74	0.00095504
-0.7390000000000001	0.0009607232000000002
-0.738	0.0009665150000000001
-0.737	0.0009722797000000001
-0.736	0.0009780742999999999
-0.735	0.0009838993
-0.7340000000000001	0.0009897553
-0.733	0.0009956427
-0.732	0.0010015620000000001
-0.731	0.001007514
-0.73	0.0010134990000000002
-0.7290000000000001	0.001019517
-0.728	0.001025569
-0.727	0.0010316560000000002
-0.726	0.001037778
-0.725	0.001043935
-0.7240000000000001	0.001050129
-0.723	0.001056359
-0.722	0.0010626250000000002
-0.721	0.00106893
-0.72	0.0010752720000000002
-0.7190000000000001	0.001081652
-0.718	0.0010880710000000001
-0.7170000000000001	0.0010945290000000001
-0.716	0.001101027
-0.715	0.0011075640000000001
-0.7140000000000001	0.001114128
-0.713	0.0011207480000000002
-0.7120000000000001	0.001127407
-0.711	0.001134108
-0.71	0.0011408500000000001
-0.7090000000000001	0.001147632
-0.708	0.001154456
-0.7070000000000001	0.001161322
-0.706	0.001168228
-0.705	0.0011751760000000002
-0.7040000000000001	0.0011821660000000001
-0.703	0.0011891960000000002
-0.7020000000000001	0.0011962680000000001
-0.701	0.0012033810000000001
-0.7	0.0012105269999999999
-0.6990000000000001	0.001217723
-0.698	0.001224957
-0.6970000000000001	0.001232232
-0.696	0.001239546
-0.695	0.0012469
-0.6940000000000001	0.001254295
-0.693	0.001261731
-0.6920000000000001	0.0012692089999999999
-0.691	0.001276728
-0.69	0.00128429
-0.6890000000000001	0.001291896
-0.688	0.001299544
-0.687	0.001307234
-0.6859999999999999	0.001314968
-0.685	0.001322749
-0.684	0.001330573
-0.6829999999999999	0.0013384410000000001
-0.682	0.00134635
-0.6809999999999999	0.0013543079999999998
-0.68	0.0013623129999999998
-0.679	0.0013703629999999999
-0.6779999999999999	0.00137846
-0.677	0.001386603
-0.6759999999999999	0.001394795
-0.675	0.0014030320000000002
-0.674	0.0014113170000000003
-0.6729999999999999	0.0014196500000000002
-0.672	0.001428033
-0.6709999999999999	0.0014364670000000003
-0.67	0.0014449500000000002
-0.669	0.0014534820000000003
-0.6679999999999999	0.0014620640000000001
-0.667	0.0014706970000000002
-0.6659999999999999	0.00147938
-0.665	0.0014881150000000001
-0.664	0.001496902
-0.6629999999999999	0.00150574
-0.662	0.001514633
-0.6609999999999999	0.0015235779999999998
-0.66	0.0015325760000000001
-0.659	0.001541628
-0.6579999999999999	0.0015507370000000002
-0.657	0.0015599020000000002
-0.6559999999999999	0.0015691210000000001
-0.655	0.001578389
-0.654	0.001587719
-0.653	0.0015971060000000003
-0.652	0.00160655
-0.6509999999999999	0.0016160520000000002
-0.65	0.0016256110000000001
-0.649	0.001635229
-0.648	0.0016449100000000003
-0.647	0.0016546450000000002
-0.6459999999999999	0.0016644389999999998
-0.645	0.0016742950000000001
-0.644	0.0016842129999999997
-0.643	0.001694194
-0.642	0.0017042370000000002
-0.6409999999999999	0.001714339
-0.64	0.0017245070000000003
-0.639	0.0017347370000000003
-0.638	0.0017450310000000002
-0.637	0.00175539
-0.636	0.001765814
-0.635	0.001776304
-0.634	0.001786863
-0.633	0.0017974850000000001
-0.632	0.001808174
-0.631	0.001818931
-0.63	0.0018297580000000001
-0.629	0.0018406540000000002
-0.628	0.0018516189999999999
-0.627	0.001862653
-0.626	0.0018737590000000002
-0.625	0.0018849370000000002
-0.624	0.0018961860000000002
-0.623	0.0019075070000000001
-0.622	0.001918901
-0.621	0.0019303690000000001
-0.62	0.0019419110000000002
-0.619	0.001953527
-0.618	0.001965218
-0.617	0.0019769870000000004
-0.616	0.0019888320000000003
-0.615	0.002000755
-0.614	0.002012756
-0.613	0.0020248370000000003
-0.612	0.002036996
-0.611	0.002049235
-0.61	0.002061555
-0.609	0.002073956
-0.608	0.0020864390000000003
-0.607	0.002099005
-0.606	0.002111655
-0.605	0.0021243900000000003
-0.604	0.002137209
-0.603	0.002150113
-0.602	0.002163104
-0.601	0.002176182
-0.6	0.0021893539999999997
-0.599	0.002202609
-0.598	0.002215954
-0.597	0.002229389
-0.596	0.0022429150000000003
-0.595	0.0022565330000000002
-0.594	0.002270243
-0.593	0.0022840440000000003
-0.5920000000000001	0.0022979429999999998
-0.591	0.002311937
-0.59	0.002326028
-0.589	0.002340211
-0.588	0.002354492
-0.5870000000000001	0.002368873
-0.586	0.002383358
-0.585	0.002397939
-0.584	0.0024126200000000003
-0.583	0.002427404
-0.5820000000000001	0.00244229
-0.581	0.00245728
-0.58	0.0024723740000000003
-0.579	0.00248757
-0.578	0.002502877
-0.5770000000000001	0.0025182920000000005
-0.5760000000000001	0.0025338160000000004
-0.575	0.002549445
-0.574	0.002565185
-0.573	0.0025810370000000004
-0.5720000000000001	0.0025970060000000002
-0.5710000000000001	0.002613084
-0.57	0.002629277
-0.569	0.0026455840000000003
-0.568	0.002662008
-0.5670000000000001	0.00267855
-0.5660000000000001	0.002695205
-0.565	0.0027119840000000006
-0.564	0.0027288850000000003
-0.563	0.002745908
-0.562	0.002763052
-0.561	0.0027803209999999997
-0.56	0.002797714
-0.5589999999999999	0.002815233
-0.5579999999999999	0.002832878
-0.557	0.002850653
-0.556	0.0028685570000000003
-0.555	0.0028865920000000003
-0.5539999999999999	0.0029047590000000002
-0.5529999999999999	0.0029230590000000004
-0.552	0.002941491
-0.551	0.0029600590000000006
-0.55	0.0029787640000000005
-0.5489999999999999	0.0029976070000000002
-0.5479999999999999	0.003016589
-0.547	0.0030357120000000003
-0.546	0.0030549770000000004
-0.545	0.003074388
-0.544	0.0030939410000000002
-0.5429999999999999	0.003113638
-0.542	0.0031334820000000004
-0.541	0.003153475
-0.54	0.003173617
-0.539	0.0031939110000000002
-0.5379999999999999	0.003214358
-0.537	0.003234959
-0.536	0.0032557159999999996
-0.535	0.003276631
-0.534	0.0032976999999999998
-0.5329999999999999	0.0033189310000000002
-0.532	0.0033403240000000004
-0.531	0.0033618809999999997
-0.53	0.0033836009999999995
-0.529	0.003405488
-0.528	0.0034275430000000003
-0.527	0.0034497670000000003
-0.526	0.003472161
-0.525	0.0034947270000000004
-0.524	0.003517465
-0.523	0.0035403799999999997
-0.522	0.0035634729999999997
-0.521	0.0035867459999999996
-0.52	0.003610198
-0.519	0.0036338320000000005
-0.518	0.0036576520000000004
-0.517	0.0036816600000000002
-0.516	0.003705853
-0.515	0.0037302349999999997
-0.514	0.0037548090000000004
-0.513	0.003779575
-0.512	0.003804537
-0.511	0.0038296950000000006
-0.51	0.003855053
-0.509	0.0038806120000000003
-0.508	0.003906374000000001
-0.507	0.003932339000000001
-0.506	0.003958509000000001
-0.505	0.003984889000000001
-0.504	0.004011481
-0.503	0.004038292
-0.502	0.004065312000000001
-0.501	0.004092549000000001
-0.5	0.004120005
-0.499	0.004147682000000001
-0.498	0.004175583
-0.49700000000000005	0.004203705
-0.496	0.00423206
-0.495	0.004260646
-0.494	0.004289465
-0.493	0.004318515
-0.49200000000000005	0.004347800000000001
-0.491	0.004377326
-0.49	0.004407105000000001
-0.489	0.0044371179999999994
-0.488	0.0044673790000000005
-0.48700000000000004	0.004497889000000001
-0.486	0.0045286499999999995
-0.485	0.004559665
-0.484	0.004590938
-0.483	0.004622464000000001
-0.48200000000000004	0.004654259000000001
-0.48100000000000004	0.004686320999999999
-0.48	0.004718652
-0.479	0.004751241
-0.478	0.004784105
-0.47700000000000004	0.004817246000000001
-0.47600000000000003	0.0048506800000000004
-0.475	0.0048843820000000005
-0.474	0.0049183690000000006
-0.473	0.004952642
-0.47200000000000003	0.004987205000000001
-0.47100000000000003	0.005022062000000001
-0.47	0.005057215
-0.469	0.005092659000000001
-0.46799999999999997	0.005128415
-0.467	0.005164478
-0.466	0.005200848
-0.465	0.005237518
-0.46399999999999997	0.0052745050000000005
-0.46299999999999997	0.005311814000000001
-0.462	0.005349459000000001
-0.461	0.005387414000000001
-0.46	0.0054256980000000005
-0.45899999999999996	0.005464312
-0.45799999999999996	0.005503262
-0.457	0.005542551
-0.456	0.0055821709999999995
-0.455	0.005622148000000001
-0.45399999999999996	0.005662477
-0.45299999999999996	0.005703161
-0.452	0.0057441950000000006
-0.451	0.005785581
-0.45	0.0058273330000000005
-0.449	0.0058694590000000005
-0.44799999999999995	0.005911972
-0.447	0.005954845
-0.446	0.005998098
-0.445	0.006041735
-0.444	0.00608576
-0.44299999999999995	0.006130178000000001
-0.442	0.00617498
-0.441	0.006220196
-0.44	0.006265822
-0.439	0.006311859
-0.43799999999999994	0.006358296
-0.43700000000000006	0.006405146
-0.436	0.0064524230000000005
-0.435	0.006500151
-0.434	0.006548291
-0.433	0.006596866999999999
-0.43200000000000005	0.006645885
-0.431	0.006695349000000001
-0.43	0.006745265000000001
-0.429	0.006795636000000001
-0.428	0.0068464530000000015
-0.42700000000000005	0.006897753
-0.426	0.006949529
-0.425	0.007001783000000001
-0.424	0.007054495
-0.423	0.007107695
-0.42200000000000004	0.007161393000000001
-0.42100000000000004	0.007215614000000001
-0.42	0.007270314999999999
-0.419	0.007325524000000001
-0.418	0.007381247
-0.41700000000000004	0.00743749
-0.41600000000000004	0.007494258000000001
-0.415	0.0075515600000000006
-0.414	0.007609380000000001
-0.413	0.007667766
-0.41200000000000003	0.007726705
-0.41100000000000003	0.007786196
-0.41	0.007846224
-0.409	0.007906824000000002
-0.408	0.007968005
-0.40700000000000003	0.008029799
-0.406	0.00809215
-0.405	0.008155094
-0.40399999999999997	0.008218639000000002
-0.40299999999999997	0.008282791000000001
-0.402	0.008347558000000001
-0.401	0.008412924
-0.4	0.008478941
-0.39899999999999997	0.008545599000000001
-0.39799999999999996	0.008612905
-0.397	0.008680844
-0.396	0.008749421
-0.395	0.008818668000000002
-0.39399999999999996	0.008888597
-0.39299999999999996	0.008959238000000001
-0.392	0.009030533
-0.391	0.009102524
-0.39	0.009175219
-0.389	0.009248624000000002
-0.38799999999999996	0.009322750000000001
-0.387	0.009397576
-0.386	0.009473168000000002
-0.385	0.009549511
-0.384	0.009626612000000001
-0.38299999999999995	0.009704443000000002
-0.382	0.009783036
-0.381	0.009862415000000001
-0.38	0.009942632
-0.379	0.0100236
-0.37799999999999995	0.01010538
-0.377	0.010187980000000001
-0.376	0.0102714
-0.375	0.010355650000000001
-0.374	0.01044075
-0.373	0.01052668
-0.37200000000000005	0.010613500000000001
-0.371	0.010701210000000001
-0.37	0.0107898
-0.369	0.01087924
-0.368	0.010969580000000001
-0.36700000000000005	0.01106085
-0.366	0.01115311
-0.365	0.011246250000000001
-0.364	0.01134034
-0.363	0.01143539
-0.36200000000000004	0.0115314
-0.361	0.0116284
-0.36	0.0117264
-0.359	0.01182535
-0.358	0.011925380000000001
-0.35700000000000004	0.01202644
-0.35600000000000004	0.012128530000000002
-0.355	0.01223163
-0.354	0.012335800000000001
-0.353	0.01244105
-0.35200000000000004	0.01254746
-0.35100000000000003	0.01265492
-0.35	0.01276349
-0.349	0.01287319
-0.348	0.012984030000000002
-0.34700000000000003	0.01309603
-0.34600000000000003	0.013209160000000001
-0.345	0.01332351
-0.344	0.013439070000000001
-0.34299999999999997	0.013555840000000001
-0.342	0.013673820000000001
-0.341	0.013792990000000001
-0.34	0.013913430000000001
-0.33899999999999997	0.01403515
-0.33799999999999997	0.01415823
-0.337	0.01428253
-0.336	0.014408150000000002
-0.335	0.0145351
-0.33399999999999996	0.014663390000000002
-0.33299999999999996	0.01479304
-0.332	0.01492402
-0.331	0.01505644
-0.33	0.01519029
-0.32899999999999996	0.01532558
-0.32799999999999996	0.01546224
-0.327	0.01560034
-0.326	0.015739930000000003
-0.325	0.015881120000000002
-0.324	0.01602373
-0.32299999999999995	0.01616786
-0.322	0.01631354
-0.321	0.01646078
-0.32	0.01660961
-0.319	0.016760030000000002
-0.318	0.01691201
-0.317	0.017065700000000003
-0.316	0.01722107
-0.315	0.0173781
-0.314	0.01753675
-0.313	0.017697110000000002
-0.312	0.01785922
-0.311	0.01802318
-0.31	0.01818883
-0.309	0.01835627
-0.308	0.01852552
-0.307	0.018696610000000002
-0.306	0.018869550000000002
-0.305	0.01904437
-0.304	0.019221010000000004
-0.303	0.01939965
-0.302	0.019580260000000002
-0.301	0.0197628
-0.3	0.01994723
-0.299	0.02013368
-0.298	0.020322180000000002
-0.297	0.020512850000000003
-0.29600000000000004	0.020705480000000002
-0.295	0.0209002
-0.294	0.02109704
-0.293	0.02129601
-0.292	0.02149715
-0.29100000000000004	0.02170039
-0.29	0.021905920000000002
-0.289	0.02211371
-0.28800000000000003	0.02232378
-0.287	0.02253606
-0.28600000000000003	0.02275057
-0.285	0.02296743
-0.284	0.02318668
-0.28300000000000003	0.02340841
-0.282	0.02363242
-0.281	0.02385887
-0.28	0.02408775
-0.27899999999999997	0.024319120000000003
-0.278	0.024552980000000002
-0.27699999999999997	0.024789250000000002
-0.276	0.025028190000000002
-0.275	0.025269720000000002
-0.27399999999999997	0.02551386
-0.273	0.025760500000000002
-0.272	0.02600976
-0.271	0.026261700000000002
-0.27	0.026516520000000005
-0.26899999999999996	0.02677391
-0.268	0.027034030000000004
-0.267	0.027296920000000002
-0.266	0.0275626
-0.265	0.027831099999999998
-0.264	0.02810243
-0.263	0.0283765
-0.262	0.0286536
-0.261	0.02893365
-0.26	0.029216609999999997
-0.259	0.029502390000000003
-0.258	0.029791140000000004
-0.257	0.030082920000000003
-0.256	0.030377890000000005
-0.255	0.030675760000000003
-0.254	0.03097668
-0.253	0.03128069
-0.252	0.03158781
-0.251	0.031898039999999996
-0.25	0.03221142
-0.249	0.03252783
-0.248	0.03284758
-0.247	0.03317056
-0.24600000000000002	0.033496710000000006
-0.245	0.03382596
-0.244	0.03415847
-0.243	0.03449428
-0.242	0.034833510000000005
-0.24100000000000002	0.03517588
-0.24	0.03552156
-0.239	0.03587054
-0.23800000000000002	0.036222840000000006
-0.237	0.03657847
-0.23600000000000002	0.0369373
-0.235	0.0372996
-0.23399999999999999	0.037665290000000004
-0.233	0.03803434
-0.23199999999999998	0.038406670000000004
-0.231	0.03878227
-0.23	0.03916124
-0.22899999999999998	0.03954359
-0.228	0.03992938
-0.22699999999999998	0.04031842
-0.226	0.04071079
-0.225	0.04110648
-0.22399999999999998	0.041505480000000004
-0.223	0.04190776
-0.222	0.04231319
-0.221	0.04272202
-0.22	0.04313413
-0.21899999999999997	0.04354947000000001
-0.218	0.04396788000000001
-0.217	0.04438944
-0.21600000000000003	0.044814150000000004
-0.215	0.04524201
-0.214	0.045672870000000004
-0.213	0.046106760000000004
-0.212	0.04654363
-0.21100000000000002	0.046983420000000005
-0.21	0.04742607
-0.209	0.047871550000000006
-0.20800000000000002	0.04831967
-0.207	0.04877061
-0.20600000000000002	0.049224210000000004
-0.205	0.04968037
-0.204	0.050138959999999996
-0.203	0.05059997
-0.20199999999999999	0.05106331
-0.201	0.05152881
-0.2	0.05199652
-0.19899999999999998	0.05246628
-0.198	0.052937990000000004
-0.19699999999999998	0.053411530000000006
-0.196	0.05388678
-0.195	0.05436362000000001
-0.19399999999999998	0.05484186
-0.193	0.05532152
-0.192	0.05580239000000001
-0.191	0.05628431000000001
-0.19	0.056767250000000005
-0.18899999999999997	0.05725092
-0.188	0.057735140000000004
-0.187	0.05821951
-0.18600000000000003	0.05870439
-0.185	0.05918934000000001
-0.184	0.059674170000000006
-0.183	0.06015867
-0.182	0.06064263
-0.18100000000000002	0.061125860000000004
-0.18	0.061608100000000006
-0.179	0.062089130000000006
-0.17800000000000002	0.06256873
-0.177	0.06304675
-0.17600000000000002	0.06352309
-0.175	0.06399718
-0.174	0.0644687
-0.17300000000000001	0.06493700000000001
-0.172	0.06540282
-0.171	0.06586536999999999
-0.17	0.06632435
-0.16899999999999998	0.06677945
-0.168	0.06723034
-0.16699999999999998	0.06767692
-0.166	0.06811844
-0.165	0.06855474
-0.16399999999999998	0.06898551
-0.163	0.06941090000000001
-0.162	0.06983056
-0.161	0.07024339
-0.16	0.07064851
-0.159	0.07104651000000001
-0.158	0.07143665
-0.157	0.07181862
-0.156	0.07219328000000001
-0.155	0.07255924
-0.154	0.07291547000000001
-0.153	0.07326187
-0.152	0.07359813000000001
-0.151	0.07392433
-0.15	0.07423873
-0.149	0.07454142000000001
-0.14800000000000002	0.07483231
-0.147	0.07511128
-0.146	0.07537811000000001
-0.145	0.07563235
-0.14400000000000002	0.07587404
-0.14300000000000002	0.0761024
-0.142	0.07631765
-0.141	0.07651878000000001
-0.14	0.07670618
-0.139	0.07687919000000001
-0.138	0.07703750000000001
-0.13699999999999998	0.07718117000000001
-0.136	0.07730995
-0.135	0.07742352
-0.134	0.07752143
-0.133	0.07760425
-0.132	0.07767117
-0.131	0.07772254
-0.13	0.07775781
-0.129	0.07777764
-0.128	0.07778154
-0.127	0.07776947000000001
-0.126	0.07774210000000001
-0.125	0.07769885000000001
-0.124	0.07764032
-0.12300000000000001	0.07756628
-0.122	0.07747761
-0.121	0.07737398
-0.12	0.07725584
-0.11900000000000001	0.07712396
-0.11800000000000001	0.07697815000000001
-0.11699999999999999	0.07681924000000001
-0.11599999999999999	0.0766474
-0.115	0.07646373000000001
-0.114	0.07626819000000001
-0.113	0.0760617
-0.11199999999999999	0.07584497
-0.111	0.07561877
-0.11	0.07538356
-0.109	0.07514030000000001
-0.10800000000000001	0.07488999
-0.107	0.07463314
-0.106	0.07437105000000001
-0.105	0.07410437
-0.10400000000000001	0.07383432000000001
-0.10300000000000001	0.07356163
-0.102	0.07328761
-0.10099999999999999	0.07301318
-0.1	0.07273943000000001
-0.099	0.07246746000000001
-0.098	0.07219855
-0.09699999999999999	0.07193365
-0.096	0.07167389
-0.095	0.07142075
-0.094	0.07117494
-0.09300000000000001	0.07093806
-0.092	0.07071085
-0.091	0.07049503
-0.09	0.07029118
-0.08900000000000001	0.07010076000000001
-0.08800000000000001	0.06992513
-0.087	0.06976498
-0.086	0.06962149
-0.085	0.06949582
-0.084	0.06938953
-0.083	0.06930265000000001
-0.08199999999999999	0.06923707000000001
-0.081	0.06919334
-0.08	0.06917299
-0.079	0.06917598000000001
-0.078	0.06920382
-0.077	0.06925772
-0.076	0.06933736
-0.075	0.06944467
-0.07400000000000001	0.06957965
-0.073	0.06974383
-0.07200000000000001	0.06993659
-0.071	0.07015951000000001
-0.07	0.07041323000000001
-0.069	0.07069714
-0.068	0.07101311
-0.067	0.07136046
-0.066	0.07174065
-0.065	0.07215247000000001
-0.064	0.07259751
-0.063	0.0730757
-0.062	0.07358665
-0.061	0.07413046000000001
-0.06	0.0747076
-0.059000000000000004	0.07531842000000001
-0.057999999999999996	0.07596137
-0.057	0.07663782000000001
-0.055999999999999994	0.07734648
-0.055	0.07808813
-0.054000000000000006	0.07886093
-0.053	0.07966557
-0.052000000000000005	0.08050153
-0.051	0.08136712
-0.05	0.08226301999999999
-0.049	0.0831876
-0.048	0.08414084000000001
-0.047	0.08512057
-0.046	0.08612699
-0.045	0.08715867
-0.044000000000000004	0.08821376
-0.043	0.08929205
-0.042	0.09039157
-0.040999999999999995	0.09151132000000001
-0.04	0.09264887000000001
-0.039	0.09380374000000001
-0.038	0.09497352
-0.037000000000000005	0.09615652000000001
-0.036000000000000004	0.0973507
-0.035	0.0985546
-0.034	0.09976571000000001
-0.033	0.1009819
-0.032	0.10220130000000001
-0.031	0.1034211
-0.03	0.10463920000000002
-0.028999999999999998	0.1058531
-0.027999999999999997	0.1070605
-0.027000000000000003	0.10825830000000002
-0.026000000000000002	0.1094445
-0.025	0.11061610000000001
-0.024	0.11177060000000001
-0.023	0.11290470000000001
-0.022000000000000002	0.1140165
-0.021	0.115103
-0.02	0.1161608
-0.019	0.1171885
-0.018000000000000002	0.1181819
-0.017	0.11913989999999999
-0.016	0.12005810000000001
-0.015	0.120936
-0.013999999999999999	0.1217697
-0.013000000000000001	0.1225567
-0.012	0.12329580000000001
-0.011000000000000001	0.1239847
-0.01	0.12462080000000002
-0.009000000000000001	0.12520150000000002
-0.008	0.1257274
-0.006999999999999999	0.1261943
-0.006	0.1266026
-0.005	0.1269493
-0.004	0.1272357
-0.003	0.1274588
-0.002	0.1276181
-0.001	0.12771510000000003
-1.404349e-14	0.127747
0.001	0.1277152
0.002	0.12761820000000001
0.003	0.1274588
0.004	0.1272357
0.005	0.1269494
0.006	0.1266027
0.006999999999999999	0.1261944
0.008	0.12572750000000002
0.009000000000000001	0.12520160000000002
0.01	0.12462100000000001
0.011000000000000001	0.1239848
0.012	0.123296
0.013000000000000001	0.1225569
0.013999999999999999	0.12176989999999999
0.015	0.12093620000000001
0.016	0.1200584
0.017	0.11914020000000002
0.018000000000000002	0.1181822
0.019	0.1171887
0.02	0.116161
0.021	0.11510330000000002
0.022000000000000002	0.11401680000000002
0.023	0.1129049
0.024	0.11177080000000002
0.025	0.1106163
0.026000000000000002	0.10944469999999999
0.027000000000000003	0.10825850000000001
0.027999999999999997	0.10706070000000001
0.028999999999999998	0.1058532
0.03	0.1046393
0.031	0.1034212
0.032	0.1022014
0.033	0.10098200000000002
0.034	0.09976579000000001
0.035	0.09855468
0.036000000000000004	0.09735076000000001
0.037000000000000005	0.09615658
0.038	0.09497359000000001
0.039	0.09380381
0.04	0.09264894000000001
0.040999999999999995	0.09151138
0.042	0.09039165
0.043	0.08929213
0.044000000000000004	0.08821384000000002
0.045	0.08715875000000001
0.046	0.08612709
0.047	0.08512066
0.048	0.08414094000000001
0.049	0.08318771000000001
0.05	0.08226313
0.051	0.08136723
0.052000000000000005	0.08050165
0.053	0.07966569
0.054000000000000006	0.07886106
0.055	0.07808826
0.055999999999999994	0.07734661
0.057	0.07663796
0.057999999999999996	0.0759615
0.059000000000000004	0.07531855000000001
0.06	0.07470774000000001
0.061	0.0741306
0.062	0.07358680000000001
0.063	0.07307585000000001
0.064	0.07259766
0.065	0.07215262
0.066	0.07174081
0.067	0.07136062
0.068	0.07101328
0.069	0.07069731000000001
0.07	0.07041341
0.071	0.07015969000000001
0.07200000000000001	0.06993677000000001
0.073	0.06974402
0.07400000000000001	0.06957985
0.075	0.06944488
0.076	0.06933756
0.077	0.06925793
0.078	0.06920404
0.079	0.06917621
0.08	0.06917323
0.081	0.06919358
0.08199999999999999	0.06923734
0.083	0.06930292
0.084	0.0693898
0.085	0.06949611
0.086	0.06962179
0.087	0.06976528
0.08800000000000001	0.06992545
0.08900000000000001	0.07010109
0.09	0.07029151000000002
0.091	0.07049538000000001
0.092	0.07071121000000001
0.09300000000000001	0.07093844
0.094	0.07117532
0.095	0.07142114000000001
0.096	0.07167429
0.09699999999999999	0.07193406000000001
0.098	0.07219897
0.099	0.0724679
0.1	0.07273987
0.10099999999999999	0.07301364
0.102	0.07328808
0.10300000000000001	0.07356211
0.10400000000000001	0.07383482000000001
0.105	0.07410488000000001
0.106	0.07437157
0.107	0.07463368000000001
0.10800000000000001	0.07489054
0.109	0.07514086
0.11	0.07538413000000001
0.111	0.07561935
0.11199999999999999	0.07584556
0.113	0.07606231000000001
0.114	0.0762688
0.115	0.07646436000000001
0.11599999999999999	0.07664804
0.11699999999999999	0.07681988000000001
0.11800000000000001	0.0769788
0.11900000000000001	0.07712462
0.12	0.07725651
0.121	0.07737466
0.122	0.0774783
0.12300000000000001	0.07756699
0.124	0.07764105
0.125	0.07769958
0.126	0.07774285
0.127	0.07777023000000001
0.128	0.07778232
0.129	0.07777844
0.13	0.07775862
0.131	0.07772337
0.132	0.07767203
0.133	0.07760512
0.134	0.07752233
0.135	0.07742443
0.136	0.07731088
0.13699999999999998	0.07718212
0.138	0.07703847
0.139	0.07688018
0.14	0.07670717
0.141	0.0765198
0.142	0.07631867
0.14300000000000002	0.07610344000000001
0.14400000000000002	0.07587509
0.145	0.07563342
0.146	0.07537918
0.147	0.07511236
0.14800000000000002	0.0748334
0.149	0.07454252
0.15	0.07423984
0.151	0.07392544000000001
0.152	0.07359923
0.153	0.07326298
0.154	0.07291656
0.155	0.07256036
0.156	0.07219441000000001
0.157	0.07181975
0.158	0.07143778
0.159	0.07104765
0.16	0.07064965
0.161	0.07024453
0.162	0.06983171
0.163	0.06941205
0.16399999999999998	0.06898665999999999
0.165	0.0685559
0.166	0.0681196
0.16699999999999998	0.06767808
0.168	0.06723151000000001
0.16899999999999998	0.06678061
0.17	0.06632552
0.171	0.06586654
0.172	0.065404
0.17300000000000001	0.06493818
0.174	0.06446988000000001
0.175	0.06399835000000001
0.17600000000000002	0.06352427000000001
0.177	0.06304793
0.17800000000000002	0.06256991
0.179	0.06209032
0.18	0.061609290000000004
0.18100000000000002	0.06112704
0.182	0.06064382000000001
0.183	0.06015986000000001
0.184	0.05967537
0.185	0.05919054
0.18600000000000003	0.058705589999999995
0.187	0.05822071
0.188	0.05773634
0.18899999999999997	0.057252120000000004
0.19	0.05676846000000001
0.191	0.05628552
0.192	0.055803599999999995
0.193	0.05532273000000001
0.19399999999999998	0.05484307
0.195	0.054364840000000005
0.196	0.053888000000000005
0.19699999999999998	0.05341274
0.198	0.052939200000000006
0.19899999999999998	0.05246749
0.2	0.051997730000000006
0.201	0.05153002
0.20199999999999999	0.05106451
0.203	0.05060118
0.204	0.05014018
0.205	0.049681590000000005
0.20600000000000002	0.049225420000000006
0.207	0.04877182000000001
0.20800000000000002	0.04832087
0.209	0.04787277
0.21	0.047427300000000006
0.21100000000000002	0.04698464
0.212	0.046544850000000006
0.213	0.04610799
0.214	0.0456741
0.215	0.04524323
0.21600000000000003	0.04481536
0.217	0.044390660000000005
0.218	0.043969110000000006
0.21899999999999997	0.043550689999999996
0.22	0.04313535
0.221	0.04272324
0.222	0.04231441
0.223	0.04190899
0.22399999999999998	0.0415067
0.225	0.04110771
0.226	0.04071202
0.22699999999999998	0.04031966
0.228	0.03993062
0.22899999999999998	0.03954481
0.23	0.03916246
0.231	0.038783490000000004
0.23199999999999998	0.0384079
0.233	0.038035570000000005
0.23399999999999999	0.03766651
0.235	0.03730082
0.23600000000000002	0.03693852
0.237	0.03657970000000001
0.23800000000000002	0.036224070000000004
0.239	0.03587177
0.24	0.03552279
0.24100000000000002	0.03517711
0.242	0.03483473
0.243	0.0344955
0.244	0.03415969
0.245	0.03382718
0.24600000000000002	0.033497940000000004
0.247	0.033171780000000005
0.248	0.03284881
0.249	0.032529050000000004
0.25	0.03221265
0.251	0.03189926
0.252	0.031589030000000004
0.253	0.03128191
0.254	0.030977900000000003
0.255	0.03067697
0.256	0.030379109999999997
0.257	0.030084140000000002
0.258	0.029792360000000004
0.259	0.02950361
0.26	0.02921783
0.261	0.02893486
0.262	0.02865482
0.263	0.028377720000000002
0.264	0.02810365
0.265	0.027832310000000002
0.266	0.02756381
0.267	0.02729813
0.268	0.02703524
0.26899999999999996	0.02677511
0.27	0.026517720000000005
0.271	0.02626291
0.272	0.02601096
0.273	0.02576171
0.27399999999999997	0.02551507
0.275	0.025270920000000002
0.276	0.025029390000000002
0.27699999999999997	0.024790450000000002
0.278	0.024554180000000002
0.27899999999999997	0.02432033
0.28	0.02408897
0.281	0.02386008
0.282	0.02363364
0.28300000000000003	0.023409630000000004
0.284	0.02318788
0.285	0.022968640000000002
0.28600000000000003	0.02275178
0.287	0.02253727
0.28800000000000003	0.02232499
0.289	0.02211493
0.29	0.021907140000000002
0.29100000000000004	0.0217016
0.292	0.02149836
0.293	0.02129723
0.294	0.02109825
0.295	0.02090142
0.29600000000000004	0.02070669
0.297	0.020514070000000002
0.298	0.020323400000000002
0.299	0.0201349
0.3	0.01994845
0.301	0.01976402
0.302	0.01958147
0.303	0.01940087
0.304	0.019222219999999998
0.305	0.01904559
0.306	0.01887077
0.307	0.01869783
0.308	0.01852675
0.309	0.01835749
0.31	0.01819005
0.311	0.01802441
0.312	0.01786043
0.313	0.017698320000000003
0.314	0.017537970000000003
0.315	0.017379320000000004
0.316	0.01722229
0.317	0.01706692
0.318	0.016913229999999998
0.319	0.016761250000000002
0.32	0.016610830000000004
0.321	0.016462
0.322	0.01631476
0.32299999999999995	0.01616908
0.324	0.01602494
0.325	0.01588233
0.326	0.01574115
0.327	0.015601560000000002
0.32799999999999996	0.015463460000000002
0.32899999999999996	0.015326800000000002
0.33	0.01519151
0.331	0.015057660000000002
0.332	0.01492524
0.33299999999999996	0.01479426
0.33399999999999996	0.01466461
0.335	0.014536320000000002
0.336	0.014409370000000001
0.337	0.014283760000000001
0.33799999999999997	0.014159450000000002
0.33899999999999997	0.014036380000000001
0.34	0.01391465
0.341	0.013794220000000003
0.342	0.01367505
0.34299999999999997	0.013557079999999999
0.344	0.013440289999999999
0.345	0.01332473
0.34600000000000003	0.01321038
0.34700000000000003	0.013097260000000001
0.348	0.01298527
0.349	0.012874420000000001
0.35	0.01276473
0.35100000000000003	0.01265616
0.35200000000000004	0.0125487
0.353	0.01244229
0.354	0.01233703
0.355	0.01223286
0.35600000000000004	0.012129770000000002
0.35700000000000004	0.01202768
0.358	0.01192661
0.359	0.011826590000000001
0.36	0.011727630000000001
0.361	0.011629640000000002
0.36200000000000004	0.01153263
0.363	0.011436610000000002
0.364	0.01134156
0.365	0.01124747
0.366	0.01115433
0.36700000000000005	0.01106208
0.368	0.010970810000000001
0.369	0.01088046
0.37	0.01079102
0.371	0.01070243
0.37200000000000005	0.010614720000000001
0.373	0.01052789
0.374	0.010441970000000002
0.375	0.01035687
0.376	0.010272620000000001
0.377	0.0101892
0.37799999999999995	0.0101066
0.379	0.01002483
0.38	0.009943854
0.381	0.009863630000000002
0.382	0.009784252
0.38299999999999995	0.009705663
0.384	0.009627833000000002
0.385	0.009550732
0.386	0.009474388
0.387	0.009398795
0.38799999999999996	0.009323966000000001
0.389	0.00924984
0.39	0.009176435
0.391	0.009103741
0.392	0.00903175
0.39299999999999996	0.008960455
0.39399999999999996	0.008889813000000002
0.395	0.008819884
0.396	0.008750636000000001
0.397	0.008682058000000001
0.39799999999999996	0.008614117
0.39899999999999997	0.008546809
0.4	0.008480148
0.401	0.00841413
0.402	0.008348769
0.40299999999999997	0.008284000000000001
0.40399999999999997	0.008219846
0.405	0.008156299
0.406	0.008093353000000001
0.40700000000000003	0.008031001
0.408	0.007969205
0.409	0.007908024000000001
0.41	0.007847426000000001
0.41100000000000003	0.007787401
0.41200000000000003	0.007727909
0.413	0.007668968000000002
0.414	0.007610580999999999
0.415	0.007552759000000001
0.41600000000000004	0.007495458000000001
0.41700000000000004	0.007438689000000001
0.418	0.0073824469999999994
0.419	0.007326725000000001
0.42	0.007271517000000001
0.42100000000000004	0.0072168169999999995
0.42200000000000004	0.007162593000000002
0.423	0.007108896
0.424	0.007055697
0.425	0.007002984000000001
0.426	0.0069507300000000004
0.42700000000000005	0.006898953
0.428	0.006847651000000001
0.429	0.006796838000000001
0.43	0.006746466
0.431	0.006696550999999999
0.43200000000000005	0.0066470869999999994
0.433	0.006598069
0.434	0.006549493000000002
0.435	0.0065013530000000005
0.436	0.006453622
0.43700000000000006	0.006406347
0.43799999999999994	0.006359499
0.439	0.006313064
0.44	0.006267026
0.441	0.0062214
0.442	0.006176183000000001
0.44299999999999995	0.006131381
0.444	0.006086963000000001
0.445	0.006042937
0.446	0.005999300000000001
0.447	0.005956047
0.44799999999999995	0.005913174
0.449	0.005870660000000001
0.45	0.005828535
0.451	0.005786783000000001
0.452	0.0057453980000000005
0.45299999999999996	0.005704365
0.45399999999999996	0.005663680000000001
0.455	0.00562335
0.456	0.005583374
0.457	0.005543752
0.45799999999999996	0.005504464000000001
0.45899999999999996	0.005465515
0.46	0.005426901
0.461	0.005388618
0.462	0.005350663
0.46299999999999997	0.005313019
0.46399999999999997	0.005275711
0.465	0.0052387250000000005
0.466	0.005202056
0.467	0.005165685
0.46799999999999997	0.005129619
0.469	0.005093862
0.47	0.005058425
0.47100000000000003	0.005023271
0.47200000000000003	0.004988414
0.473	0.004953849000000001
0.474	0.004919574
0.475	0.004885587
0.47600000000000003	0.004851885
0.47700000000000004	0.00481845
0.478	0.00478531
0.479	0.004752449000000001
0.48	0.004719861
0.48100000000000004	0.004687529
0.48200000000000004	0.004655464
0.483	0.004623667000000001
0.484	0.004592144
0.485	0.004560870999999999
0.486	0.004529855
0.48700000000000004	0.004499095
0.488	0.004468586
0.489	0.004438326
0.49	0.004408313
0.491	0.00437853
0.49200000000000005	0.004349007
0.493	0.004319725
0.494	0.004290678
0.495	0.004261858
0.496	0.004233271
0.49700000000000005	0.004204917000000001
0.498	0.0041767950000000005
0.499	0.004148896
0.5	0.004121221
0.501	0.004093767000000001
0.502	0.004066532
0.503	0.0040395150000000005
0.504	0.004012704000000001
0.505	0.003986114
0.506	0.003959735999999999
0.507	0.0039335690000000005
0.508	0.003907604
0.509	0.003881839
0.51	0.003856278
0.511	0.00383092
0.512	0.00380577
0.513	0.003780809
0.514	0.0037560420000000002
0.515	0.003731469
0.516	0.003707087
0.517	0.0036828940000000004
0.518	0.0036588790000000003
0.519	0.003635062
0.52	0.0036114309999999996
0.521	0.003587985
0.522	0.0035647100000000004
0.523	0.003541613
0.524	0.0035186950000000005
0.525	0.0034959620000000005
0.526	0.003473395
0.527	0.0034510010000000004
0.528	0.0034287770000000005
0.529	0.003406722
0.53	0.003384836
0.531	0.0033631159999999998
0.532	0.0033415529999999997
0.5329999999999999	0.003320161
0.534	0.0032989340000000008
0.535	0.0032778659999999995
0.536	0.003256948
0.537	0.003236188
0.5379999999999999	0.0032155850000000004
0.539	0.003195143
0.54	0.003174848
0.541	0.003154705
0.542	0.0031347130000000003
0.5429999999999999	0.0031148680000000002
0.544	0.003095171
0.545	0.0030756190000000004
0.546	0.0030562040000000003
0.547	0.003036941
0.5479999999999999	0.0030178220000000003
0.5489999999999999	0.002998841
0.55	0.0029799940000000006
0.551	0.002961285
0.552	0.0029427150000000003
0.5529999999999999	0.0029242870000000002
0.5539999999999999	0.0029059859999999997
0.555	0.0028878190000000007
0.556	0.0028697830000000003
0.557	0.0028518790000000003
0.5579999999999999	0.002834103
0.5589999999999999	0.0028164509999999998
0.56	0.0027989320000000005
0.561	0.002781541
0.562	0.002764275
0.563	0.002747131
0.564	0.0027301070000000003
0.565	0.0027132050000000002
0.5660000000000001	0.002696425
0.5670000000000001	0.002679763
0.568	0.002663221
0.569	0.002646797
0.57	0.0026304890000000006
0.5710000000000001	0.0026142970000000002
0.5720000000000001	0.0025982180000000002
0.573	0.002582248
0.574	0.002566394
0.575	0.002550651
0.5760000000000001	0.002535019
0.5770000000000001	0.002519494
0.578	0.002504078
0.579	0.002488769
0.58	0.0024735700000000005
0.581	0.002458473
0.5820000000000001	0.002443481
0.583	0.0024285920000000003
0.584	0.002413806
0.585	0.0023991220000000005
0.586	0.00238454
0.5870000000000001	0.0023700550000000003
0.588	0.0023556720000000005
0.589	0.002341388
0.59	0.0023272020000000004
0.591	0.002313111
0.5920000000000001	0.002299115
0.593	0.002285215
0.594	0.0022714099999999997
0.595	0.002257698
0.596	0.002244079
0.597	0.0022305520000000002
0.598	0.0022171160000000003
0.599	0.0022037700000000003
0.6	0.002190514
0.601	0.002177341
0.602	0.0021642610000000002
0.603	0.002151269
0.604	0.002138362
0.605	0.0021255410000000003
0.606	0.002112805
0.607	0.002100153
0.608	0.002087586
0.609	0.002075099
0.61	0.0020626950000000002
0.611	0.0020503720000000004
0.612	0.00203813
0.613	0.002025969
0.614	0.002013889
0.615	0.002001887
0.616	0.001989963
0.617	0.0019781160000000002
0.618	0.0019663460000000003
0.619	0.0019546520000000003
0.62	0.0019430340000000002
0.621	0.0019314910000000002
0.622	0.0019200210000000003
0.623	0.0019086250000000002
0.624	0.001897303
0.625	0.0018860529999999997
0.626	0.0018748750000000002
0.627	0.001863768
0.628	0.001852731
0.629	0.001841765
0.63	0.001830868
0.631	0.00182004
0.632	0.001809281
0.633	0.0017985879999999998
0.634	0.001787964
0.635	0.0017774060000000003
0.636	0.001766915
0.637	0.001756489
0.638	0.001746128
0.639	0.0017358320000000003
0.64	0.0017256
0.6409999999999999	0.0017154320000000002
0.642	0.001705325
0.643	0.001695283
0.644	0.0016853030000000002
0.645	0.0016753829999999997
0.6459999999999999	0.001665525
0.647	0.0016557270000000003
0.648	0.0016459889999999998
0.649	0.0016363080000000002
0.65	0.001626688
0.6509999999999999	0.001617127
0.652	0.001607624
0.653	0.001598178
0.654	0.00158879
0.655	0.001579459
0.6559999999999999	0.001570186
0.657	0.0015609670000000001
0.6579999999999999	0.001551803
0.659	0.001542694
0.66	0.001533639
0.6609999999999999	0.0015246379999999998
0.662	0.001515691
0.6629999999999999	0.001506798
0.664	0.001497957
0.665	0.001489169
0.6659999999999999	0.001480433
0.667	0.001471748
0.6679999999999999	0.0014631140000000002
0.669	0.0014545299999999999
0.67	0.0014459970000000003
0.6709999999999999	0.0014375129999999999
0.672	0.0014290779999999999
0.6729999999999999	0.001420694
0.674	0.0014123550000000001
0.675	0.0014040660000000003
0.6759999999999999	0.0013958260000000002
0.677	0.0013876350000000001
0.6779999999999999	0.001379491
0.679	0.001371394
0.68	0.001363343
0.6809999999999999	0.001355338
0.682	0.0013473770000000003
0.6829999999999999	0.001339458
0.684	0.0013315870000000002
0.685	0.0013237610000000001
0.6859999999999999	0.0013159789999999999
0.687	0.001308242
0.688	0.0013005480000000001
0.6890000000000001	0.0012928980000000002
0.69	0.001285288
0.691	0.001277723
0.6920000000000001	0.0012702
0.693	0.001262719
0.6940000000000001	0.0012552800000000001
0.695	0.0012478819999999999
0.696	0.0012405250000000001
0.6970000000000001	0.0012332089999999999
0.698	0.001225933
0.6990000000000001	0.0012186970000000001
0.7	0.001211501
0.701	0.0012043569999999999
0.7020000000000001	0.001197247
0.703	0.001190179
0.7040000000000001	0.001183152
0.705	0.0011761660000000002
0.706	0.001169222
0.7070000000000001	0.001162319
0.708	0.0011554570000000001
0.7090000000000001	0.0011486369999999999
0.71	0.001141857
0.711	0.001135118
0.7120000000000001	0.00112842
0.713	0.001121762
0.7140000000000001	0.001115144
0.715	0.0011085510000000002
0.716	0.0011020110000000002
0.7170000000000001	0.00109551
0.718	0.001089048
0.7190000000000001	0.001082624
0.72	0.001076239
0.721	0.0010698910000000001
0.722	0.001063581
0.723	0.001057308
0.7240000000000001	0.001051072
0.725	0.001044872
0.726	0.0010387080000000002
0.727	0.001032579
0.728	0.001026485
0.7290000000000001	0.0010204260000000003
0.73	0.001014401
0.731	0.00100841
0.732	0.001002452
0.733	0.0009965267
0.7340000000000001	0.0009906337
0.735	0.0009847724000000002
0.736	0.0009789425
0.737	0.0009731435000000002
0.738	0.0009673749000000001
0.7390000000000001	0.0009616011000000001
0.74	0.0009559052000000001
0.741	0.0009502378000000001
0.742	0.0009445983
0.743	0.0009389861999999999
0.7440000000000001	0.0009334009
0.745	0.0009278419
0.746	0.0009223087
0.747	0.0009168007000000002
0.748	0.0009113177
0.7490000000000001	0.0009058589
0.75	0.0009004241000000001
0.7509999999999999	0.0008950128
0.752	0.0008896245
0.753	0.0008842589
0.754	0.0008789157000000002
0.755	0.0008735944
0.7559999999999999	0.0008682947
0.757	0.0008630163
0.758	0.0008577589
0.759	0.0008525223000000001
0.76	0.0008473061999999999
0.7609999999999999	0.0008421103000000001
0.762	0.0008369345
0.763	0.0008311865
0.764	0.0008260542999999999
0.765	0.0008209449000000002
0.7659999999999999	0.0008158583
0.767	0.0008107942
0.768	0.0008057525
0.769	0.0008007331000000001
0.77	0.0007957359
0.7709999999999999	0.0007907607000000001
0.772	0.0007858074
0.773	0.0007808758
0.774	0.0007759660000000001
0.775	0.0007710777
0.7759999999999999	0.0007662109
0.777	0.0007613654
0.778	0.0007565412
0.779	0.0007517381
0.78	0.0007469561
0.7809999999999999	0.000742195
0.782	0.0007374548000000001
0.7829999999999999	0.0007327375000000001
0.784	0.0007280525
0.785	0.0007233881
0.7859999999999999	0.000718744
0.787	0.0007141203
0.7879999999999999	0.0007095167
0.789	0.0007049331
0.79	0.0007003694000000001
0.7909999999999999	0.0006958254
0.792	0.0006913009
0.7929999999999999	0.0006867959
0.794	0.0006823102000000001
0.795	0.0006778436
0.7959999999999999	0.0006733961
0.797	0.0006689674
0.7979999999999999	0.0006645575
0.799	0.0006601662
0.8	0.0006557933000000001
0.8009999999999999	0.0006514388
0.802	0.0006471025
0.8029999999999999	0.0006427842
0.804	0.0006384592
0.805	0.0006341774
0.8059999999999999	0.0006299134
0.807	0.000625667
0.8079999999999999	0.0006214381
0.809	0.0006172265000000001
0.81	0.0006130321
0.8109999999999999	0.0006088547000000001
0.812	0.0006046941000000001
0.813	0.0006005503
0.8140000000000001	0.0005964231
0.815	0.0005923124
0.816	0.0005882179
0.8170000000000001	0.0005841396
0.818	0.0005800773
0.8190000000000001	0.0005760308
0.82	0.0005720001000000001
0.821	0.000567985
0.8220000000000001	0.0005639853
0.823	0.0005600009
0.8240000000000001	0.0005560316
0.825	0.0005520774
0.826	0.0005481381
0.8270000000000001	0.0005442133999999999
0.828	0.0005403034
0.8290000000000001	0.0005364078000000001
0.83	0.0005325266000000001
0.831	0.0005286595
0.8320000000000001	0.0005248065000000001
0.833	0.0005209674
0.8340000000000001	0.0005171421
0.835	0.0005133305000000001
0.836	0.0005095323
0.8370000000000001	0.0005057476000000001
0.838	0.0005019761
0.8390000000000001	0.0004982178000000001
0.84	0.0004944724000000001
0.841	0.00049074
0.8420000000000001	0.0004870203
0.843	0.00048331320000000004
0.8440000000000001	0.0004796186
0.845	0.00047581350000000007
0.846	0.0004721434
0.847	0.0004684862
0.848	0.00046484160000000006
0.8490000000000001	0.00046120970000000004
0.85	0.0004575901999999999
0.851	0.00045398300000000003
0.852	0.00045038820000000004
0.853	0.00044680540000000007
0.8540000000000001	0.0004432347
0.855	0.00043967580000000005
0.856	0.00043612880000000004
0.857	0.00043259339999999997
0.858	0.0004290696
0.8590000000000001	0.00042555720000000003
0.86	0.0004220561
0.861	0.0004185662000000001
0.862	0.00041508730000000007
0.863	0.00041161940000000003
0.8640000000000001	0.0004081624
0.865	0.000404716
0.866	0.00040127410000000005
0.867	0.00039782610000000003
0.868	0.0003943888
0.8690000000000001	0.00039096190000000004
0.87	0.0003875456
0.871	0.00038413980000000003
0.872	0.0003807445
0.873	0.00037735970000000004
0.8740000000000001	0.0003739853
0.875	0.00037062129999999995
0.8759999999999999	0.0003672677
0.877	0.00036392440000000004
0.878	0.0003605915
0.879	0.0003572688
0.88	0.0003539564
0.8809999999999999	0.00035065410000000003
0.882	0.000347362
0.883	0.0003440799
0.884	0.0003408078
0.885	0.0003375457
0.8859999999999999	0.00033429339999999997
0.887	0.0003311553
0.888	0.00032792190000000004
0.889	0.00032469759999999997
0.89	0.0003214823
0.8909999999999999	0.0003182758
0.892	0.00031507810000000003
0.893	0.0003118892
0.894	0.00030870880000000004
0.895	0.000305537
0.8959999999999999	0.0003023735
0.897	0.0002992184
0.898	0.0002960715
0.899	0.00029293259999999997
0.9	0.0002898018
0.9009999999999999	0.0002866788
0.902	0.0002835636
0.903	0.000280456
0.904	0.0002773559
0.905	0.00027426320000000003
0.9059999999999999	0.0002711778
0.907	0.00026809950000000006
0.9079999999999999	0.0002650282
0.909	0.00026196380000000004
0.91	0.0002589061
0.9109999999999999	0.0002558551
0.912	0.0002528105
0.9129999999999999	0.00024977230000000004
0.914	0.0002467403
0.915	0.00024371429999999999
0.9159999999999999	0.0002406943
0.917	0.00023768
0.9179999999999999	0.00023467140000000002
0.919	0.00023166830000000003
0.92	0.00022867060000000003
0.9209999999999999	0.00022567800000000002
0.922	0.0002226906
0.9229999999999999	0.00021970800000000002
0.924	0.00021673030000000001
0.925	0.0002137572
0.9259999999999999	0.00021078860000000002
0.927	0.0002078245
0.9279999999999999	0.0002048094
0.929	0.0002018518
0.93	0.0001988984
0.9309999999999999	0.0001959491
0.932	0.00019300400000000004
0.9329999999999999	0.0001900628
0.934	0.00018712560000000002
0.935	0.0001841921
0.9359999999999999	0.0001812625
0.937	0.0001783364
0.938	0.00017541400000000004
0.9390000000000001	0.0001724951
0.94	0.00016957959999999998
0.941	0.0001666675
0.9420000000000001	0.0001637587
0.943	0.00016085320000000001
0.9440000000000001	0.0001579508
0.945	0.0001550517
0.946	0.0001521556
0.9470000000000001	0.0001492626
0.948	0.00014637260000000002
0.9490000000000001	0.00014350160000000002
0.95	0.000140651
0.951	0.00013780350000000002
0.9520000000000001	0.000134959
0.953	0.0001321172
0.9540000000000001	0.0001292782
0.955	0.0001264417
0.956	0.0001236076
0.9570000000000001	0.0001207758
0.958	0.00011794620000000001
0.9590000000000001	0.00011511870000000003
0.96	0.000112293
0.961	0.00010946930000000001
0.9620000000000001	0.0001066472
0.963	0.00010382680000000001
0.9640000000000001	0.00010100790000000003
0.965	9.819046999999999e-05
0.966	9.537436000000001e-05
0.9670000000000001	9.255950999999999e-05
0.968	8.974584000000002e-05
0.9690000000000001	8.693325e-05
0.97	8.412169e-05
0.971	8.131108e-05
0.972	7.850134e-05
0.973	7.569241000000001e-05
0.9740000000000001	7.288424e-05
0.975	7.007675e-05
0.976	6.726991e-05
0.977	6.446364e-05
0.978	6.165791e-05
0.9790000000000001	5.885267e-05
0.98	5.604788000000001e-05
0.981	5.3243490000000005e-05
0.982	5.043947e-05
0.983	4.7635779999999994e-05
0.9840000000000001	4.483239000000001e-05
0.985	4.202927e-05
0.986	3.922639e-05
0.987	3.6423730000000004e-05
0.988	3.362126e-05
0.9890000000000001	3.081895e-05
0.99	2.80168e-05
0.991	2.5214780000000003e-05
0.992	2.241288e-05
0.993	1.9611070000000004e-05
0.9940000000000001	1.680934e-05
0.995	1.4007679999999998e-05
0.996	1.120608e-05
0.997	8.404522e-06
0.998	5.6029970000000005e-06
0.9990000000000001	2.8014930000000002e-06
1.0	7.882694000000001e-17
