-1.0	7.14597497881703e-09
-0.999	2.714597497881703e-08
-0.998	5.4292015712537756e-08
-0.997	8.143822083351768e-08
-0.996	1.0858468897411234e-07
-0.995	1.3573143657304768e-07
-0.994	1.6287859514013104e-07
-0.993	1.9002632906262163e-07
-0.992	2.1717463834051952e-07
-0.991	2.4432360516745413e-07
-0.99	2.714735583179441e-07
-0.989	2.9862441559835973e-07
-0.988	3.257764235895898e-07
-0.987	3.529297466788936e-07
-0.986	3.800845492535303e-07
-0.985	4.072409957007591e-07
-0.984	4.343993326014688e-07
-0.983	4.615598065365483e-07
-0.982	4.887225818932567e-07
-0.981	5.158880696397422e-07
-0.98	5.430564341632639e-07
-0.979	5.702280864319697e-07
-0.978	5.974032730267487e-07
-0.977	6.245824049157486e-07
-0.976	6.517658930671177e-07
-0.975	6.789540662553744e-07
-0.974	7.061474998359258e-07
-0.973	7.333465225832904e-07
-0.972	7.60551792046505e-07
-0.971	7.877637191937178e-07
-0.97	8.149827971867061e-07
-0.969	8.422101767362848e-07
-0.968	8.694450359061575e-07
-0.967	8.966897583115829e-07
-0.966	9.239443439525611e-07
-0.965	9.512087928290919e-07
-0.964	9.784847488137672e-07
-0.963	1.0057730338428838e-06
-0.962	1.033073647916441e-06
-0.961	1.0603882349070314e-06
-0.96	1.087717616750951e-06
-0.959	1.1150626153844953e-06
-0.958	1.1424232308076648e-06
-0.957	1.1698019288293478e-06
-0.956	1.1971987094495437e-06
-0.955	1.2246152165408452e-06
-0.954	1.252052272039548e-06
-0.953	1.2795106978819484e-06
-0.952	1.3069913160043425e-06
-0.951	1.334496592215618e-06
-0.95	1.3620273484520718e-06
-0.949	1.389583584713703e-06
-0.948	1.4167313186361936e-06
-0.947	1.4435494561039651e-06
-0.946	1.4704086903865394e-06
-0.945	1.497314775037989e-06
-0.944	1.5242726416760902e-06
-0.943	1.5512880438549157e-06
-0.942	1.5783659131922412e-06
-0.941	1.6055103593695477e-06
-0.94	1.632727957877203e-06
-0.939	1.660021996460392e-06
-0.938	1.6873982286731865e-06
-0.937	1.7148591203244753e-06
-0.936	1.7424104249683301e-06
-0.935	1.7700554303499357e-06
-0.934	1.7977966022781797e-06
-0.933	1.8256388723708394e-06
-0.932	1.8535838845005057e-06
-0.931	1.8816357483486603e-06
-0.93	1.909796107787894e-06
-0.929	1.938067428627095e-06
-0.928	1.9664521766751525e-06
-0.927	2.0149866930210654e-06
-0.926	2.043475005042426e-06
-0.925	2.0719723583630435e-06
-0.924	2.100479574919213e-06
-0.923	2.1289974766472323e-06
-0.922	2.157527707419692e-06
-0.921	2.186072733045481e-06
-0.92	2.2146341973971905e-06
-0.919	2.243213744347414e-06
-0.918	2.2718146616413345e-06
-0.917	2.3004369492789522e-06
-0.916	2.3290847169417485e-06
-0.915	2.3577604304386105e-06
-0.914	2.3864649117058345e-06
-0.913	2.4152022704249007e-06
-0.912	2.4439741504684014e-06
-0.911	2.4727846615178167e-06
-0.91	2.5016346255094425e-06
-0.909	2.530528974061056e-06
-0.908	2.5594685291089525e-06
-0.907	2.5884582222709084e-06
-0.906	2.617500519355812e-06
-0.905	2.6465978861725516e-06
-0.904	2.675753610466311e-06
-0.903	2.7049718019185713e-06
-0.902	2.73425492633822e-06
-0.901	2.763605449534145e-06
-0.9	2.7930283031241234e-06
-0.899	2.822525952917043e-06
-0.898	2.8521008647217923e-06
-0.897	2.881757970156147e-06
-0.8959999999999999	2.9114989130927e-06
-0.895	2.941328625149227e-06
-0.894	2.97124875019832e-06
-0.893	3.001262575985164e-06
-0.892	3.0313742121912384e-06
-0.8909999999999999	3.0615869465617284e-06
-0.89	3.091902422969225e-06
-0.889	3.1223247510952097e-06
-0.888	3.15285639674857e-06
-0.887	3.1835006476744902e-06
-0.8859999999999999	3.2190099395367764e-06
-0.885	3.2500215959870343e-06
-0.884	3.2811277751113385e-06
-0.883	3.3123284769096897e-06
-0.882	3.343622057509496e-06
-0.8809999999999999	3.3750101607833482e-06
-0.88	3.4064911428586557e-06
-0.879	3.4380650037354164e-06
-0.878	3.46973009954104e-06
-0.877	3.501488074148119e-06
-0.8759999999999999	3.5333356398114672e-06
-0.875	3.565273618467383e-06
-0.8740000000000001	3.5973011881795675e-06
-0.873	3.6294167050754315e-06
-0.872	3.661620169154973e-06
-0.871	3.6939099365456006e-06
-0.87	3.726285185311018e-06
-0.8690000000000001	3.7587450935149305e-06
-0.868	3.7912880172847437e-06
-0.867	3.8239147785567556e-06
-0.866	3.856622911522076e-06
-0.865	3.887633746036038e-06
-0.8640000000000001	3.917908125628732e-06
-0.863	3.948304151793243e-06
-0.862	3.978834975510307e-06
-0.861	4.00951210388807e-06
-0.86	4.040346222098379e-06
-0.8590000000000001	4.071350481121973e-06
-0.858	4.1025347441944025e-06
-0.857	4.133909696487518e-06
-0.856	4.165485201236872e-06
-0.855	4.19727029974172e-06
-0.8540000000000001	4.22927403330132e-06
-0.853	4.261506265151223e-06
-0.852	4.293972748845504e-06
-0.851	4.326682525683417e-06
-0.85	4.359641349219035e-06
-0.8490000000000001	4.392855794942728e-06
-0.848	4.42633079447227e-06
-0.847	4.460072101361737e-06
-0.846	4.494082181420013e-06
-0.845	4.528365966264877e-06
-0.8440000000000001	4.59630064500664e-06
-0.843	4.6310406044958155e-06
-0.8420000000000001	4.665871798913855e-06
-0.841	4.700794228260755e-06
-0.84	4.735807892536517e-06
-0.8390000000000001	4.770911969804847e-06
-0.838	4.806107282002039e-06
-0.8370000000000001	4.841393829128093e-06
-0.836	4.876771611183009e-06
-0.835	4.912240628166788e-06
-0.8340000000000001	4.947803345888318e-06
-0.833	4.983458120475006e-06
-0.8320000000000001	5.019207417735741e-06
-0.831	5.055051237670522e-06
-0.83	5.090992046088238e-06
-0.8290000000000001	5.127030664925185e-06
-0.828	5.163167916117659e-06
-0.8270000000000001	5.199405443538252e-06
-0.826	5.235746534932148e-06
-0.825	5.272191190299348e-06
-0.8240000000000001	5.308743519321331e-06
-0.823	5.345403521998098e-06
-0.8220000000000001	5.382175308011129e-06
-0.821	5.419061343169311e-06
-0.82	5.4560632713452375e-06
-0.8190000000000001	5.493183558347797e-06
-0.818	5.530427135794764e-06
-0.8170000000000001	5.567794825622437e-06
-0.816	5.605290737512293e-06
-0.815	5.6429181592095205e-06
-0.8140000000000001	5.6806803784593005e-06
-0.813	5.718580683006818e-06
-0.812	5.756623182533554e-06
-0.8109999999999999	5.794810342848395e-06
-0.81	5.833146273632824e-06
-0.809	5.871635084568319e-06
-0.8079999999999999	5.910280063400066e-06
-0.807	5.9490853198095426e-06
-0.8059999999999999	5.988054141541935e-06
-0.805	6.02719146021502e-06
-0.804	6.06650056357398e-06
-0.8029999999999999	6.098718822506851e-06
-0.802	6.138692050393027e-06
-0.8009999999999999	6.178886379142842e-06
-0.8	6.219300164883704e-06
-0.799	6.259933407615614e-06
-0.7979999999999999	6.300782819593386e-06
-0.797	6.341847578880727e-06
-0.7959999999999999	6.38312439773245e-06
-0.795	6.4246099884033695e-06
-0.794	6.4663027070209005e-06
-0.7929999999999999	6.508198443903553e-06
-0.792	6.550294733242446e-06
-0.7909999999999999	6.592587465356095e-06
-0.79	6.635072530563024e-06
-0.789	6.677746641118046e-06
-0.7879999999999999	6.720604865403382e-06
-0.787	6.763643093737558e-06
-0.7859999999999999	6.806858038375384e-06
-0.785	6.850243945762791e-06
-0.784	6.893796706218298e-06
-0.7829999999999999	6.937512210060424e-06
-0.782	6.9719209292222895e-06
-0.7809999999999999	7.004361932891392e-06
-0.78	7.0372040414729695e-06
-0.779	7.070499036953677e-06
-0.778	7.1042978793838655e-06
-0.777	7.13864824106871e-06
-0.7759999999999999	7.173595328504493e-06
-0.775	7.2091827043149034e-06
-0.774	7.245451465314747e-06
-0.773	7.282438598637345e-06
-0.772	7.320178625607132e-06
-0.7709999999999999	7.358703601739653e-06
-0.77	7.3980431167415675e-06
-0.769	7.438222650638053e-06
-0.768	7.479262751836511e-06
-0.767	7.5211847906806394e-06
-0.7659999999999999	7.564003562023768e-06
-0.765	7.607732216846629e-06
-0.764	7.652378152575894e-06
-0.763	7.697947944701926e-06
-0.762	7.842933397645029e-06
-0.7609999999999999	7.889805136864016e-06
-0.76	7.937055788715485e-06
-0.759	7.984682887390553e-06
-0.758	8.03268643288921e-06
-0.757	8.08106313746628e-06
-0.7559999999999999	8.129810535312871e-06
-0.755	8.178923694811208e-06
-0.754	8.228396040470924e-06
-0.753	8.278230038100902e-06
-0.752	8.328409248975227e-06
-0.7509999999999999	8.378925453730935e-06
-0.75	8.429778652368027e-06
-0.7490000000000001	8.480960625523541e-06
-0.748	8.532454934471558e-06
-0.747	8.584261579212076e-06
-0.746	8.636355901656214e-06
-0.745	8.688737901803973e-06
-0.7440000000000001	8.74139936029239e-06
-0.743	8.794315619032589e-06
-0.742	8.847486678024561e-06
-0.741	8.900896098542394e-06
-0.74	8.95453566122312e-06
-0.7390000000000001	9.008380707977863e-06
-0.738	9.054852986156966e-06
-0.737	9.106980186052946e-06
-0.736	9.159395063652548e-06
-0.735	9.212089399592808e-06
-0.7340000000000001	9.265063193873728e-06
-0.733	9.318308227132348e-06
-0.732	9.371824499368667e-06
-0.731	9.425595571856764e-06
-0.73	9.479621444596637e-06
-0.7290000000000001	9.53389389822533e-06
-0.728	9.588404713379877e-06
-0.727	9.64314567069732e-06
-0.726	9.698116770177662e-06
-0.725	9.753309792457938e-06
-0.7240000000000001	9.80870829881223e-06
-0.723	9.864320508603494e-06
-0.722	9.920129983105813e-06
-0.721	9.976128502956227e-06
-0.72	1.0032324287517695e-05
-0.7190000000000001	1.0088709117427254e-05
-0.718	1.0145266553958985e-05
-0.7170000000000001	1.0202013035838812e-05
-0.716	1.0258932124340808e-05
-0.715	1.0316032038827938e-05
-0.7140000000000001	1.0377356705876805e-05
-0.713	1.043436620737137e-05
-0.7120000000000001	1.0491572973576988e-05
-0.711	1.054898522385662e-05
-0.71	1.0606627616299148e-05
-0.7090000000000001	1.0664516589630493e-05
-0.708	1.0722652143850655e-05
-0.7070000000000001	1.0781067156411478e-05
-0.706	1.0839778066038882e-05
-0.705	1.0898809530821748e-05
-0.7040000000000001	1.0958177989485998e-05
-0.703	1.1017908100120513e-05
-0.7020000000000001	1.1078040959540096e-05
-0.701	1.1138601225833629e-05
-0.7	1.1199531363460387e-05
-0.6990000000000001	1.1261299876109126e-05
-0.698	1.1323577989261419e-05
-0.6970000000000001	1.1386275289924702e-05
-0.696	1.1449358900647132e-05
-0.695	1.151281238270279e-05
-0.6940000000000001	1.1576635736091671e-05
-0.693	1.1640796083361938e-05
-0.6920000000000001	1.1705293424513586e-05
-0.691	1.1770094882094778e-05
-0.69	1.1835216894831432e-05
-0.6890000000000001	1.1900577269093942e-05
-0.688	1.1966299295326717e-05
-0.687	1.2032341876714956e-05
-0.6859999999999999	1.2098705013258656e-05
-0.685	1.2165002394898673e-05
-0.684	1.2231727183412639e-05
-0.6829999999999999	1.2298936914341279e-05
-0.682	1.2367124749462229e-05
-0.6809999999999999	1.243508244242028e-05
-0.68	1.25034017873486e-05
-0.679	1.257208278424718e-05
-0.6779999999999999	1.264111721375307e-05
-0.677	1.2710529733955144e-05
-0.6759999999999999	1.2779720331357284e-05
-0.675	1.2849905471677653e-05
-0.674	1.292064130931638e-05
-0.6729999999999999	1.2991870308732747e-05
-0.672	1.3063041772608381e-05
-0.6709999999999999	1.3134172139669216e-05
-0.67	1.320579566850769e-05
-0.669	1.3277978114027478e-05
-0.6679999999999999	1.3351163321828456e-05
-0.667	1.3424151264918382e-05
-0.6659999999999999	1.3497533737430417e-05
-0.665	1.357131073936456e-05
-0.664	1.3645482270720806e-05
-0.6629999999999999	1.3720064770225086e-05
-0.662	1.3794367811388702e-05
-0.6609999999999999	1.38698215633668e-05
-0.66	1.3945842451389181e-05
-0.659	1.4022372939915117e-05
-0.6579999999999999	1.4098648628189274e-05
-0.657	1.4175170897352246e-05
-0.6559999999999999	1.4252235644470621e-05
-0.655	1.4330475760492354e-05
-0.654	1.4408510392440075e-05
-0.653	1.4486988869987665e-05
-0.652	1.4565902973772169e-05
-0.6509999999999999	1.4645244484430621e-05
-0.65	1.4725038060051906e-05
-0.649	1.4805291919998982e-05
-0.648	1.4885397831412765e-05
-0.647	1.4966646234278072e-05
-0.6459999999999999	1.50484946506395e-05
-0.645	1.5130614305978626e-05
-0.644	1.5212799716221441e-05
-0.643	1.5295256365441952e-05
-0.642	1.5378329466884507e-05
-0.6409999999999999	1.5462594375956343e-05
-0.64	1.554669489776897e-05
-0.639	1.563128858135923e-05
-0.638	1.5716350768638246e-05
-0.637	1.580188967896897e-05
-0.636	1.5887921751077336e-05
-0.635	1.5974455204326293e-05
-0.634	1.6060832489678998e-05
-0.633	1.6148475556927634e-05
-0.632	1.623675151512423e-05
-0.631	1.6325356247839256e-05
-0.63	1.6413747277117305e-05
-0.629	1.6502754758617393e-05
-0.628	1.659243622788025e-05
-0.627	1.6683432795216802e-05
-0.626	1.677420743975342e-05
-0.625	1.686549990415655e-05
-0.624	1.6957326627152117e-05
-0.623	1.7049671170014205e-05
-0.622	1.714256641019465e-05
-0.621	1.7235379456745485e-05
-0.62	1.732937609156265e-05
-0.619	1.742411246904626e-05
-0.618	1.7519514614929683e-05
-0.617	1.7614990735079748e-05
-0.616	1.7710540829496457e-05
-0.615	1.780678135040186e-05
-0.614	1.7903769833336667e-05
-0.613	1.800205697561925e-05
-0.612	1.8100196169368546e-05
-0.611	1.8198918937888038e-05
-0.61	1.8298225281177732e-05
-0.609	1.839810697987467e-05
-0.608	1.8498596911430685e-05
-0.607	1.8598979991268213e-05
-0.606	1.8700735704720158e-05
-0.605	1.88032640382904e-05
-0.604	1.8906515675801175e-05
-0.603	1.900958648732681e-05
-0.602	1.9113060047637518e-05
-0.601	1.9217306228066517e-05
-0.6	1.9323138745546913e-05
-0.599	1.942879865640513e-05
-0.598	1.953510789693724e-05
-0.597	1.964205824778027e-05
-0.596	1.9749649708934226e-05
-0.595	1.9857890499762068e-05
-0.594	1.996680527835268e-05
-0.593	2.0075613205224798e-05
-0.5920000000000001	2.0185958152970547e-05
-0.591	2.0297141475738275e-05
-0.59	2.0408785082831798e-05
-0.589	2.0520617735273412e-05
-0.588	2.0632910672040817e-05
-0.5870000000000001	2.0746066641919082e-05
-0.586	2.086075963267098e-05
-0.585	2.097541152660807e-05
-0.584	2.1090786724485694e-05
-0.583	2.1206860568214965e-05
-0.5820000000000001	2.1323649496521807e-05
-0.581	2.144116172876918e-05
-0.58	2.1559405484320045e-05
-0.579	2.1677616362419067e-05
-0.578	2.1797479332473166e-05
-0.5770000000000001	2.1918229993727004e-05
-0.5760000000000001	2.2039506694210322e-05
-0.575	2.2160734078515877e-05
-0.574	2.228282449593229e-05
-0.573	2.2405860140089172e-05
-0.5720000000000001	2.2530490340660405e-05
-0.5710000000000001	2.2655120541231638e-05
-0.57	2.2780531581284124e-05
-0.569	2.2906723460817868e-05
-0.568	2.3033696179832865e-05
-0.5670000000000001	2.3161474396418e-05
-0.5660000000000001	2.3289351245358662e-05
-0.565	2.3418740457084067e-05
-0.564	2.3549148869816588e-05
-0.563	2.368049428992661e-05
-0.562	2.3812127387740254e-05
-0.561	2.3943990627716794e-05
-0.56	2.407684841061157e-05
-0.5589999999999999	2.4210799368780093e-05
-0.5579999999999999	2.434659968361475e-05
-0.557	2.44822356111902e-05
-0.556	2.4618726352513544e-05
-0.555	2.475608012694775e-05
-0.5539999999999999	2.4894305153855776e-05
-0.5529999999999999	2.503343431068947e-05
-0.552	2.5172637441789805e-05
-0.551	2.5313665271467387e-05
-0.55	2.5455827373233533e-05
-0.5489999999999999	2.559903333409567e-05
-0.5479999999999999	2.5742173540054128e-05
-0.547	2.588597951441238e-05
-0.546	2.603090332213328e-05
-0.545	2.6177758680149913e-05
-0.544	2.6324753767336878e-05
-0.5429999999999999	2.647273517807911e-05
-0.542	2.6621686473650688e-05
-0.541	2.6771607654051617e-05
-0.54	2.6922490499918935e-05
-0.539	2.7074359669341522e-05
-0.5379999999999999	2.722626993557891e-05
-0.537	2.7380235042556445e-05
-0.536	2.753540017652622e-05
-0.535	2.7691329711251336e-05
-0.534	2.7847637336672627e-05
-0.5329999999999999	2.8004734020938142e-05
-0.532	2.816309648709959e-05
-0.531	2.8323801471704792e-05
-0.53	2.8484366727139667e-05
-0.529	2.8645975841670536e-05
-0.528	2.880863703466036e-05
-0.527	2.89723585254721e-05
-0.526	2.9137189630283517e-05
-0.525	2.9303163226546453e-05
-0.524	2.9469366964972283e-05
-0.523	2.9637773492671552e-05
-0.522	2.980750333780748e-05
-0.521	2.9978087996691293e-05
-0.52	3.014861512003439e-05
-0.519	3.0320449122088218e-05
-0.518	3.0493721512660142e-05
-0.517	3.0669344641038805e-05
-0.516	3.084507462113594e-05
-0.515	3.102199640886237e-05
-0.514	3.1200110004218075e-05
-0.513	3.137942362656603e-05
-0.512	3.155994549526919e-05
-0.511	3.1740574215690836e-05
-0.51	3.1923553673919205e-05
-0.509	3.210806193365824e-05
-0.508	3.2294016801278345e-05
-0.507	3.248048948876495e-05
-0.506	3.2667529312295855e-05
-0.505	3.285602396307077e-05
-0.504	3.304608851217116e-05
-0.503	3.3238454482900515e-05
-0.502	3.3431157447511245e-05
-0.501	3.362518372955863e-05
-0.5	3.3820541548405625e-05
-0.499	3.401723090405224e-05
-0.498	3.421528467395031e-05
-0.497	3.441360146346312e-05
-0.496	3.4614474474856666e-05
-0.495	3.4816999578205296e-05
-0.494	3.50210699217905e-05
-0.493	3.52254361624423e-05
-0.492	3.5430953113908576e-05
-0.491	3.563808927987808e-05
-0.49	3.584788851944681e-05
-0.489	3.605810694652653e-05
-0.488	3.626980485893917e-05
-0.487	3.648296581795877e-05
-0.486	3.669761448167425e-05
-0.485	3.691375906944855e-05
-0.484	3.713144067809647e-05
-0.483	3.7349730519603486e-05
-0.482	3.757060124108012e-05
-0.481	3.779323912559327e-05
-0.48	3.80171345726394e-05
-0.479	3.824197524642599e-05
-0.478	3.846808170210851e-05
-0.477	3.86960292950942e-05
-0.476	3.89267879102124e-05
-0.475	3.915813010010081e-05
-0.474	3.9391124381944295e-05
-0.473	3.9625770755742854e-05
-0.472	3.986207744085945e-05
-0.471	4.010005265665704e-05
-0.47	4.0339737499950434e-05
-0.469	4.058003057610291e-05
-0.4679999999999999	4.082334837782488e-05
-0.467	4.106861416856851e-05
-0.466	4.131531834783023e-05
-0.465	4.156258966313623e-05
-0.4639999999999999	4.1811808967463895e-05
-0.4629999999999999	4.206311598998355e-05
-0.462	4.231759568660598e-05
-0.461	4.257260964182085e-05
-0.46	4.282944829561297e-05
-0.4589999999999999	4.308813630607121e-05
-0.4579999999999999	4.334869011192151e-05
-0.457	4.361115080997867e-05
-0.456	4.3874441663694834e-05
-0.455	4.414077368170642e-05
-0.4539999999999999	4.440936602453217e-05
-0.4529999999999999	4.468012005981654e-05
-0.452	4.4952016586552436e-05
-0.451	4.522507204346577e-05
-0.45	4.5500338509015504e-05
-0.449	4.5777947493009004e-05
-0.4479999999999999	4.605879490600897e-05
-0.447	4.634050535211979e-05
-0.446	4.6624287077696683e-05
-0.445	4.6910148302102596e-05
-0.444	4.719811368342642e-05
-0.4429999999999999	4.748821609911999e-05
-0.442	4.777932127709476e-05
-0.441	4.8073821051972245e-05
-0.44	4.837079485510086e-05
-0.439	4.8670135834762126e-05
-0.4379999999999999	4.897042204116385e-05
-0.437	4.927258226232059e-05
-0.436	4.957724938918031e-05
-0.435	4.9885631668098207e-05
-0.434	5.0195115341652824e-05
-0.433	5.0506933314288234e-05
-0.432	5.082109380536743e-05
-0.431	5.113760503425334e-05
-0.43	5.145647522030892e-05
-0.429	5.177777011843789e-05
-0.428	5.210028148228503e-05
-0.427	5.242658197245698e-05
-0.426	5.275561129113185e-05
-0.425	5.308677764417646e-05
-0.424	5.341972759898353e-05
-0.423	5.375485568497514e-05
-0.422	5.409277835437337e-05
-0.421	5.4434440833918625e-05
-0.42	5.477771430860418e-05
-0.419	5.512364263752599e-05
-0.418	5.547221760132111e-05
-0.417	5.582343919998953e-05
-0.416	5.617733209162017e-05
-0.415	5.6533929153664804e-05
-0.414	5.6891972823590504e-05
-0.413	5.7254265904166827e-05
-0.412	5.7619567271586725e-05
-0.411	5.7987342667257754e-05
-0.41	5.835687700660235e-05
-0.409	5.872940319406459e-05
-0.408	5.910504452008889e-05
-0.407	5.948467223714906e-05
-0.406	5.9866198627053145e-05
-0.405	6.025067576826006e-05
-0.4039999999999999	6.063812831885872e-05
-0.4029999999999999	6.102857271757502e-05
-0.402	6.14220664999497e-05
-0.401	6.181773841350892e-05
-0.4	6.221738849874108e-05
-0.3989999999999999	6.262041674215002e-05
-0.3979999999999999	6.302674095010615e-05
-0.397	6.343546521204677e-05
-0.396	6.38464826762534e-05
-0.395	6.42609687116294e-05
-0.3939999999999999	6.467907126670804e-05
-0.3929999999999999	6.510211365892598e-05
-0.392	6.552674238819532e-05
-0.391	6.595466708201186e-05
-0.39	6.638593705655336e-05
-0.389	6.682061806672348e-05
-0.3879999999999999	6.725880052551481e-05
-0.387	6.76993501608388e-05
-0.386	6.814467524604287e-05
-0.385	6.859387987056433e-05
-0.384	6.904684896332175e-05
-0.3829999999999999	6.950188933554523e-05
-0.382	6.996011060123444e-05
-0.381	7.042231003859659e-05
-0.38	7.088976164889053e-05
-0.379	7.135974482297635e-05
-0.3779999999999999	7.183359931701658e-05
-0.377	7.231130869228534e-05
-0.376	7.279288116814555e-05
-0.375	7.32783249639602e-05
-0.374	7.37676811765441e-05
-0.373	7.425940456566063e-05
-0.372	7.475688972821253e-05
-0.371	7.525873115313352e-05
-0.37	7.576439458183121e-05
-0.369	7.627302520055764e-05
-0.368	7.678557645541627e-05
-0.367	7.730259904372547e-05
-0.366	7.782561354763293e-05
-0.365	7.835123358959887e-05
-0.364	7.888111126157841e-05
-0.363	7.941527944102336e-05
-0.362	7.99537874441115e-05
-0.361	8.04967256838354e-05
-0.36	8.10441845731876e-05
-0.359	8.159498874326477e-05
-0.358	8.215176017085131e-05
-0.357	8.271333992568759e-05
-0.356	8.327924306560554e-05
-0.355	8.384810517610708e-05
-0.354	8.442189890438498e-05
-0.353	8.500087083132805e-05
-0.352	8.558608947403895e-05
-0.351	8.617484244298728e-05
-0.35	8.67686092231772e-05
-0.349	8.736738981493744e-05
-0.348	8.797110202439184e-05
-0.347	8.857982804525219e-05
-0.346	8.919200619855599e-05
-0.345	8.981092422948745e-05
-0.344	9.043534923360251e-05
-0.3429999999999999	9.106528121090115e-05
-0.342	9.169948725693928e-05
-0.341	9.233796737171693e-05
-0.34	9.298211884693736e-05
-0.3389999999999999	9.363210606985982e-05
-0.3379999999999999	9.428924413855797e-05
-0.337	9.495016311421798e-05
-0.336	9.56166712566912e-05
-0.335	9.62887685658954e-05
-0.3339999999999999	9.69666194293364e-05
-0.3329999999999999	9.7650141653138e-05
-0.332	9.833802013930871e-05
-0.331	9.903346043940316e-05
-0.33	9.973514745534763e-05
-0.3289999999999999	0.00010044299899351255
-0.3279999999999999	0.00010115528898767617
-0.327	0.0001018732503422826
-0.326	0.00010259770499362787
-0.325	0.00010333005023341532
-0.324	0.00010406716270371987
-0.3229999999999999	0.00010481060408350409
-0.322	0.00010556045656639755
-0.321	0.00010631663795868846
-0.32	0.00010707939484151224
-0.319	0.00010784864502099265
-0.318	0.00010862323778639746
-0.317	0.00010940604991476284
-0.316	0.0001101958485016447
-0.315	0.00011099205819163582
-0.314	0.00011179426801658816
-0.313	0.00011260297113827933
-0.312	0.00011341898949300545
-0.311	0.00011424372037246978
-0.31	0.00011507420480600651
-0.309	0.00011591184008531892
-0.308	0.00011675679059766626
-0.307	0.00011760905634304852
-0.306	0.00011846871951509531
-0.305	0.00011933594450106581
-0.304	0.00012020933400925674
-0.303	0.00012109201139751093
-0.302	0.0001219826615680013
-0.301	0.00012288070916507396
-0.3	0.00012378483909073745
-0.299	0.00012469710618564974
-0.298	0.0001256177570309462
-0.297	0.00012654818891808352
-0.296	0.00012748527848921895
-0.295	0.00012843058742331492
-0.294	0.0001293841979140011
-0.293	0.00013034610996127746
-0.292	0.00013131657014603282
-0.291	0.00013229393459567504
-0.29	0.000133281573249018
-0.289	0.0001342782532015354
-0.288	0.00013528405664710343
-0.287	0.00013629758629377222
-0.286	0.00013731884214162395
-0.285	0.00013834946806325074
-0.284	0.00013938971063954137
-0.283	0.0001404407205813104
-0.282	0.00014149937453063275
-0.281	0.00014256731636010057
-0.28	0.00014364471045697302
-0.2789999999999999	0.00014473163901487977
-0.278	0.00014582818422745038
-0.2769999999999999	0.00014693278441572235
-0.276	0.00014804905609939835
-0.275	0.00014917551979314546
-0.2739999999999999	0.00015031225769059328
-0.273	0.0001514571327573721
-0.272	0.00015261170667244436
-0.271	0.0001537768013721062
-0.27	0.00015495471827798652
-0.2689999999999999	0.00015614101893408663
-0.268	0.0001573378403747763
-0.267	0.00015854518259997332
-0.266	0.00015976320999718343
-0.265	0.00016099208695333713
-0.264	0.000162231813468681
-0.263	0.0001634806634769933
-0.262	0.00016474282885321954
-0.261	0.00016601650133759061
-0.26	0.0001673010233810696
-0.259	0.00016859540866010132
-0.258	0.0001699008078855002
-0.257	0.0001712182073808215
-0.256	0.00017254974418043503
-0.255	0.0001738908154410828
-0.254	0.0001752436403907642
-0.253	0.00017660838341673846
-0.252	0.00017798512671263515
-0.251	0.0001793739524720839
-0.25	0.0001807750250823439
-0.249	0.00018218653628356384
-0.248	0.00018361259575722398
-0.247	0.00018505164182436185
-0.246	0.00018650268816142217
-0.245	0.000187964255283072
-0.244	0.00018943889119182915
-0.243	0.00019092692466221207
-0.242	0.00019243008176036023
-0.241	0.00019394425280503996
-0.24	0.00019547165702400404
-0.239	0.00019701221222370504
-0.238	0.00019856608279140216
-0.237	0.00020013326872709542
-0.236	0.00020171163299641508
-0.235	0.00020330586063624863
-0.2339999999999999	0.0002049142255803744
-0.233	0.00020653664563516274
-0.2319999999999999	0.00020817147692793936
-0.231	0.00020981888384621008
-0.23	0.00021148059245594994
-0.2289999999999999	0.0002131569315317597
-0.228	0.00021484979152712016
-0.2269999999999999	0.00021655440521151429
-0.226	0.00021827323839383023
-0.225	0.00022000637326761532
-0.2239999999999999	0.00022175380983311625
-0.223	0.0002235157124773456
-0.222	0.00022528986197238617
-0.221	0.00022708110774238477
-0.22	0.00022888747714023086
-0.2189999999999999	0.00023070880577858298
-0.218	0.00023254254565516994
-0.217	0.00023439050502959652
-0.216	0.0002362536702255002
-0.215	0.00023813434266450987
-0.214	0.00024002759072884922
-0.213	0.00024193579803377682
-0.212	0.0002438588823856631
-0.211	0.000245796843784508
-0.21	0.00024774968223031154
-0.209	0.00024971739772307376
-0.208	0.00025169793542197225
-0.207	0.00025369589817051156
-0.206	0.0002557091489340754
-0.205	0.0002577369479700794
-0.204	0.0002597778157931907
-0.203	0.00026183314969511264
-0.2019999999999999	0.00026390368941851166
-0.201	0.0002659911610296095
-0.2	0.00026809137265329617
-0.1989999999999999	0.0002702062147430527
-0.198	0.00027233552291161983
-0.1969999999999999	0.00027447913277173837
-0.196	0.0002766370443234083
-0.195	0.00027880901098574083
-0.1939999999999999	0.00028099281353065445
-0.193	0.0002831931369952831
-0.192	0.0002854075155704923
-0.191	0.0002876349629328087
-0.19	0.00028987391740326995
-0.1889999999999999	0.0002921262694353569
-0.188	0.0002943919368354401
-0.187	0.0002966720703143338
-0.186	0.0002989630533523355
-0.185	0.00030126628324106625
-0.184	0.0003035813490126246
-0.183	0.0003059079218922456
-0.182	0.000308245673105493
-0.181	0.00031059230123073783
-0.18	0.0003129513405940531
-0.179	0.0003153209829355875
-0.178	0.00031770057070630423
-0.177	0.00032008821345272235
-0.176	0.0003224839111748418
-0.175	0.0003248877460662922
-0.174	0.00032729922496529593
-0.173	0.0003297180190973346
-0.172	0.0003321428133643345
-0.171	0.0003345731967981476
-0.17	0.00033700842965610743
-0.1689999999999999	0.00033944769000191795
-0.168	0.0003418901558992831
-0.1669999999999999	0.0003443335259265739
-0.166	0.00034677993711816006
-0.165	0.00034922717024604233
-0.1639999999999999	0.000351673910212147
-0.163	0.00035411728023943776
-0.162	0.00035655719813428515
-0.161	0.00035899366389668903
-0.16	0.0003614216637152436
-0.159	0.0003638481840484652
-0.158	0.0003662679645040592
-0.157	0.0003686786214667668
-0.156	0.00037107637402954423
-0.155	0.0003734613043862675
-0.154	0.00037584565938750134
-0.153	0.0003781740405269737
-0.152	0.00038050817522051843
-0.151	0.00038280770639599913
-0.15	0.0003850785519947474
-0.149	0.00038732194492120735
-0.148	0.0003895295014251592
-0.147	0.0003917036873154089
-0.146	0.0003938417080087965
-0.145	0.0003959397004044838
-0.144	0.00039799495211277614
-0.143	0.00040000269590315633
-0.142	0.00040196128790295007
-0.141	0.0004038627553303322
-0.14	0.00040570528992520485
-0.139	0.00040748363129535533
-0.138	0.000409191039563156
-0.1369999999999999	0.00041082455575794114
-0.136	0.0004123777687766015
-0.135	0.0004138455004204717
-0.134	0.0004152182984221473
-0.133	0.0004164949298771842
-0.132	0.00041766503838816977
-0.131	0.000418722706014019
-0.13	0.00041965839829345117
-0.129	0.0004204694028367713
-0.128	0.0004211456098274558
-0.127	0.0004216764984811617
-0.126	0.0004220611646677167
-0.125	0.0004222857998574293
-0.124	0.00042234678753059676
-0.123	0.00042223245619173297
-0.122	0.0004219435455837508
-0.121	0.00042146895956640706
-0.12	0.0004208031089729707
-0.119	0.0004199491993549964
-0.118	0.0004188972030895899
-0.1169999999999999	0.0004176528737310703
-0.1159999999999999	0.0004162134166957844
-0.115	0.00041459198296455135
-0.114	0.00041278816156922304
-0.113	0.00041081970633379444
-0.1119999999999999	0.0004087023162415201
-0.111	0.000406459169895949
-0.11	0.0004041102403490752
-0.109	0.0004016969531902201
-0.108	0.0003992532543884109
-0.107	0.00039682065172651627
-0.106	0.00039446276307409766
-0.105	0.0003922357266799293
-0.104	0.00039020266725163044
-0.103	0.00038843114795273726
-0.102	0.00038702859585714437
-0.1009999999999999	0.00038605114921387253
-0.1	0.0003856154407833323
-0.099	0.00038580678755305455
-0.098	0.00038676064462462954
-0.0969999999999999	0.0003885496711666288
-0.096	0.0003913017604667189
-0.095	0.00039517184751670665
-0.094	0.0004002348929067927
-0.093	0.0004066327628416764
-0.092	0.0004144807749836947
-0.091	0.00042398096127441875
-0.09	0.00043517861040376116
-0.089	0.0004482690966292949
-0.088	0.0004634302869654869
-0.087	0.0004807484847234231
-0.086	0.0005004013925303114
-0.085	0.000522556767584177
-0.084	0.0005474885612524959
-0.083	0.000575217486329929
-0.0819999999999999	0.0006060770023717867
-0.081	0.0006402965939919283
-0.08	0.000678019442493045
-0.079	0.0007195159649167863
-0.078	0.0007650793459397094
-0.077	0.000815129184041034
-0.076	0.0008697269600557052
-0.075	0.0009294652900531806
-0.074	0.0009945437401661433
-0.073	0.0010656124620046922
-0.072	0.0011428054311853316
-0.071	0.0012267719773817007
-0.07	0.0013181992393373856
-0.069	0.0014173732508834145
-0.068	0.0015249943017439469
-0.067	0.0016416648712242387
-0.066	0.0017685258069029721
-0.065	0.0019057694418735068
-0.064	0.002054597447000597
-0.063	0.002216125189838239
-0.062	0.0023909165186852006
-0.061	0.0025801574876170214
-0.06	0.0027849840125946067
-0.059	0.003007314492933037
-0.0579999999999999	0.003247365097878176
-0.057	0.0035074479342308332
-0.0559999999999999	0.003789273451423106
-0.055	0.0040939011253406125
-0.054	0.004423293739858338
-0.053	0.004779525862187532
-0.052	0.005165626327579086
-0.051	0.00558206528359459
-0.05	0.0060329713162488975
-0.049	0.0065197482927357555
-0.048	0.007046860149079055
-0.047	0.0076151510138548475
-0.046	0.008228979615241125
-0.045	0.008892832903478066
-0.044	0.009608427081551761
-0.043	0.010380126631194437
-0.042	0.011211597388286514
-0.0409999999999999	0.012109801153255436
-0.04	0.01307528040405668
-0.039	0.014115210644554836
-0.038	0.015235345428822305
-0.037	0.016438257417465744
-0.036	0.017729634409653878
-0.035	0.019115016256022133
-0.034	0.020603000410227276
-0.033	0.022192764935973164
-0.032	0.02389481417912366
-0.031	0.02571366878930684
-0.03	0.02765186033031464
-0.0289999999999999	0.029713991645404902
-0.0279999999999999	0.031905956017820605
-0.027	0.03423281657514522
-0.026	0.03669080884914289
-0.025	0.03928805357041865
-0.024	0.04202030954768486
-0.023	0.04489033848689627
-0.022	0.04788832646867793
-0.021	0.051015613249192446
-0.02	0.054261291733791024
-0.019	0.05761334521382557
-0.018	0.0610623953961578
-0.017	0.06459183094824446
-0.016	0.06817991987441782
-0.015	0.07180324520960317
-0.0139999999999999	0.07544163663709524
-0.013	0.07905671795123115
-0.012	0.08262325570772187
-0.011	0.0861035805661191
-0.01	0.08946587537240243
-0.009	0.09265942665710503
-0.008	0.09565957633134542
-0.0069999999999999	0.09841848770269276
-0.006	0.10090081751041671
-0.005	0.10306497577793669
-0.004	0.10489082506599934
-0.003	0.10634080288587476
-0.002	0.10738918263149637
-0.001	0.10803300533219831
-1.404349e-14	0.10824580463924775
0.001	0.10803300533219831
0.002	0.10738926482512598
0.003	0.10634088507950437
0.004	0.10489090725962892
0.005	0.10306497577793669
0.006	0.10090089970404631
0.0069999999999999	0.09841856989632237
0.008	0.095659658524975
0.009	0.09265950885073462
0.01	0.08946595756603203
0.011	0.08610366275974861
0.012	0.08262325570772187
0.013	0.07905679192549778
0.0139999999999999	0.07544171061136182
0.015	0.07180332740323277
0.016	0.06818000206804743
0.017	0.06459191314187407
0.018	0.0610624775897874
0.019	0.05761341918809221
0.02	0.05426136570805776
0.021	0.05101569544282206
0.022	0.04788840044294458
0.023	0.04489041246116291
0.024	0.042020383521951504
0.025	0.039288127544685296
0.026	0.03669088282340945
0.027	0.03423288233004891
0.0279999999999999	0.03190602177272429
0.0289999999999999	0.02971405740030867
0.03	0.027651926085218326
0.031	0.025713726324847565
0.032	0.023894871714664385
0.033	0.02219281425215101
0.034	0.02060304972640504
0.035	0.019115065572199816
0.036	0.01772968372583164
0.037	0.01643829851428055
0.038	0.015235386525637105
0.039	0.0141152599607326
0.04	0.013075321500871486
0.0409999999999999	0.012109842250070238
0.042	0.011211638485101318
0.043	0.010380167728009324
0.044	0.009608468178366646
0.045	0.00889287400029287
0.046	0.008229012492692967
0.047	0.007615184713242985
0.048	0.0070468930265308975
0.049	0.006519779526315007
0.05	0.0060330009059555555
0.051	0.00558209405136487
0.052	0.005165653451476855
0.053	0.0047795513422127095
0.054	0.004423318397947219
0.055	0.004093924139556902
0.0559999999999999	0.003789294821766804
0.057	0.003507468482638235
0.0579999999999999	0.003247384002412985
0.059	0.003007333397467846
0.06	0.0027850012732568235
0.061	0.0025801747482792387
0.062	0.002390932135474826
0.063	0.0022161399846915685
0.064	0.002054611419917712
0.065	0.0019057817709179476
0.066	0.001768537314011117
0.067	0.0016416755563960876
0.068	0.0015250049869158775
0.069	0.0014173839360552634
0.07	0.0013182091025729383
0.071	0.0012267818406172532
0.072	0.0011428144724845882
0.073	0.0010656215033040312
0.074	0.0009945519595291037
0.075	0.0009294726874798452
0.076	0.0008697343574822876
0.077	0.0008151359239186617
0.078	0.0007650860036237075
0.079	0.0007195219650517475
0.08	0.0006780252782408291
0.081	0.0006403021831586593
0.0819999999999999	0.0006060820983768222
0.083	0.0005752223357540756
0.084	0.0005474929175147828
0.085	0.0005225607950720277
0.086	0.0005004047624691251
0.087	0.0004807515258877186
0.088	0.0004634331637425231
0.089	0.00044827156243818314
0.09	0.00043518000769546445
0.091	0.000423981536629826
0.092	0.00041448003524102825
0.093	0.0004066314477436027
0.094	0.0004002323449042749
0.095	0.00039516831319063363
0.096	0.00039129740420434976
0.0969999999999999	0.00038854375322529717
0.098	0.000386753247197965
0.099	0.0003857979928346867
0.1	0.000385605084386002
0.1009999999999999	0.0003860398886866165
0.102	0.0003870159380381851
0.103	0.00038841791477837073
0.104	0.0003901880367855606
0.105	0.000392220356471193
0.106	0.00039444673531624237
0.107	0.00039680322667712205
0.108	0.00039923550056441604
0.109	0.0004016784596235588
0.11	0.00040409141800789547
0.111	0.00040643919684395474
0.1119999999999999	0.0004086820966086371
0.113	0.0004107989113455042
0.114	0.00041276654464463675
0.115	0.0004145702016527058
0.1159999999999999	0.0004161908956411902
0.1169999999999999	0.0004176298595147807
0.118	0.0004188729559689384
0.119	0.0004199247056533739
0.12	0.00042077771114134037
0.121	0.00042144323296034055
0.122	0.000421917654590425
0.123	0.0004222058254558229
0.124	0.00042231966363282685
0.125	0.00042225777182973374
0.126	0.0004220326434782435
0.127	0.0004216471553553102
0.128	0.00042111585573362075
0.129	0.000420439237774706
0.13	0.0004196274934887194
0.131	0.00041869155462839844
0.132	0.0004176327362918169
0.133	0.0004164627921680083
0.134	0.0004151852565830458
0.135	0.00041381163664507416
0.136	0.00041234283648393675
0.1369999999999999	0.0004107885549481738
0.138	0.00040915438120435184
0.139	0.0004074462331938847
0.14	0.0004056667411129197
0.141	0.0004038226448390846
0.142	0.0004019203554754886
0.143	0.00039996069495842776
0.144	0.0003979519648444923
0.145	0.0003958954802317559
0.146	0.0003937966658997725
0.147	0.0003916570835275046
0.148	0.00038948150034546944
0.149	0.0003872714780326294
0.15	0.00038502792071891026
0.151	0.00038275428053675535
0.152	0.0003804535164567484
0.153	0.00037812069686135954
0.154	0.00037578286345448257
0.155	0.00037340705659064555
0.156	0.00037102138649142016
0.157	0.0003686227297986349
0.158	0.0003662149496129634
0.159	0.00036379730619173924
0.16	0.00036137144340755447
0.161	0.0003589412243609184
0.162	0.00035650262156414474
0.163	0.0003540594159241953
0.1639999999999999	0.0003516141554434236
0.165	0.0003491679908327262
0.166	0.0003467210864793624
0.1669999999999999	0.00034427442870688736
0.168	0.00034182851067699653
0.1689999999999999	0.0003393854694243064
0.17	0.000336945551529459
0.171	0.000334509743316092
0.172	0.000332078702333242
0.173	0.0003296532505172053
0.174	0.0003272360180641291
0.175	0.0003248237172288293
0.176	0.00032241848504559336
0.177	0.0003200209790637048
0.178	0.00031763284315550905
0.179	0.00031525374854657
0.18	0.00031288427059229475
0.181	0.00031052498464809067
0.182	0.00030817646606936497
0.183	0.00030583830388796954
0.184	0.0003035114022338301
0.185	0.0003011959254942059
0.186	0.0002988922846372449
0.187	0.0002966008906310952
0.188	0.00029432190786301594
0.1889999999999999	0.00029205550072026635
0.19	0.0002898019979773649
0.191	0.00028756156402157075
0.192	0.00028533436324014314
0.193	0.0002831207244075183
0.1939999999999999	0.00028092064752394276
0.195	0.0002787343791700588
0.196	0.00027656200153957825
0.1969999999999999	0.00027440376121338984
0.198	0.0002722596581914115
0.1989999999999999	0.0002701299390547785
0.2	0.00026801468599687396
0.201	0.00026591398121140965
0.2019999999999999	0.00026382815347282177
0.203	0.0002617567096195793
0.204	0.00025969997842595403
0.205	0.00025765795989202817
0.206	0.00025563065401780185
0.207	0.0002536181429969045
0.208	0.0002516204268293362
0.209	0.00024963758770872656
0.21	0.00024766962563507554
0.211	0.0002457165406083832
0.212	0.00024377833262864945
0.213	0.0002418550016958744
0.214	0.00023994646561642833
0.215	0.00023805280658394096
0.216	0.00023617369582389376
0.217	0.00023430946211080522
0.218	0.00023246002325104574
0.2189999999999999	0.0002306252148572739
0.22	0.00022880503692973626
0.221	0.00022699940727447445
0.222	0.00022520832589181726
0.223	0.00022343162839425892
0.2239999999999999	0.0002216693969755111
0.225	0.00021992154944194437
0.226	0.0002181880857935586
0.2269999999999999	0.0002164689238367243
0.228	0.00021476389918418214
0.2289999999999999	0.00021307342280408022
0.23	0.0002113966727601225
0.231	0.0002097338134395681
0.2319999999999999	0.00020808492703604668
0.233	0.00020644976696866944
0.2339999999999999	0.00020482841543106598
0.235	0.00020322070803597707
0.236	0.00020162648039614352
0.237	0.00020004523934978764
0.238	0.00019847797122046477
0.239	0.00019692410065276766
0.24	0.00019538346325943706
0.241	0.00019385597684684337
0.242	0.0001923414770277274
0.243	0.00019084012818934836
0.244	0.00018935135497629902
0.245	0.00018787540396946815
0.246	0.00018641202858796699
0.247	0.0001849614754126843
0.248	0.00018352358005636093
0.249	0.00018209793155084882
0.25	0.00018068403673437029
0.251	0.00017928279973685108
0.252	0.00017789372739651353
0.253	0.00017651673751972803
0.254	0.00017515166571923537
0.255	0.0001737984298014059
0.256	0.00017245711195986932
0.257	0.0001711279587755144
0.258	0.000169809737343897
0.259	0.00016850302302042443
0.26	0.00016720748703057825
0.261	0.00016592362253613606
0.262	0.0001646508541816907
0.263	0.0001633891819672421
0.264	0.00016213803053738302
0.265	0.00016089822182840954
0.266	0.00015966918048491443
0.267	0.00015845090650689768
0.268	0.00015724323550710004
0.2689999999999999	0.00015604608529189197
0.27	0.0001548593736676438
0.271	0.0001536831006343556
0.272	0.00015251693741750893
0.273	0.00015136088401710373
0.2739999999999999	0.00015021502262668745
0.275	0.0001490793532465067
0.276	0.00014795354710179644
0.2769999999999999	0.00014683752199900926
0.278	0.00014573070258273792
0.2789999999999999	0.0001446340751765377
0.28	0.00014354706442500136
0.281	0.00014246950594078747
0.282	0.00014140139972414268
0.283	0.0001403425813875611
0.284	0.00013929313312475462
0.285	0.00013825272616120474
0.286	0.0001372212783032819
0.287	0.0001361987895509861
0.288	0.0001351853420979469
0.289	0.00013418151129957162
0.29	0.00013318614644504571
0.291	0.00013219891875976858
0.292	0.00013121834875857172
0.293	0.00013024813515478736
0.294	0.00012928638749477023
0.295	0.00012833302358497288
0.296	0.0001273877968445065
0.297	0.00012645062507974148
0.298	0.00012552282338866932
0.299	0.0001246014328008708
0.3	0.0001236876040269138
0.301	0.00012278133706688057
0.302	0.00012188361824424414
0.303	0.00012099329684843662
0.304	0.00012011086604098902
0.305	0.00011923862724361257
0.306	0.00011837140225764205
0.307	0.00011751124592381765
0.308	0.00011665832262939855
0.309	0.00011581263237438476
0.31	0.00011497425735240588
0.311	0.00011414327975709152
0.312	0.00011331945300747066
0.313	0.00011250302368467872
0.314	0.00011169374520758028
0.315	0.00011089104222076813
0.316	0.00011009540788626644
0.317	0.00010930618465479181
0.318	0.00010852353691368565
0.319	0.00010774508104768937
0.32	0.00010697583086812675
0.321	0.0001062134849536154
0.322	0.00010545779672301993
0.3229999999999999	0.0001047084374019041
0.324	0.00010396524260300871
0.325	0.00010322804793899234
0.326	0.00010249627805469436
0.327	0.00010177100146705301
0.3279999999999999	0.0001010517250142907
0.3289999999999999	0.00010033853089028361
0.33	9.96321588374516e-05
0.331	9.893170472595121e-05
0.332	9.823700416852322e-05
0.3329999999999999	9.754920787598212e-05
0.3339999999999999	9.686568565218051e-05
0.335	9.618758820793289e-05
0.336	9.551499773686885e-05
0.337	9.484799643261801e-05
0.3379999999999999	9.418658429518035e-05
0.3389999999999999	9.353199422899999e-05
0.34	9.288184261881833e-05
0.341	9.223695140093143e-05
0.342	9.159740276888672e-05
0.3429999999999999	9.096319672293077e-05
0.344	9.033375790740977e-05
0.345	8.970957948418353e-05
0.346	8.909057925962248e-05
0.347	8.847634626557853e-05
0.348	8.786770243834778e-05
0.349	8.726407242252299e-05
0.35	8.666545621810415e-05
0.351	8.607177163146166e-05
0.352	8.548277208170669e-05
0.353	8.489812879432083e-05
0.354	8.431858151197052e-05
0.355	8.374380146013737e-05
0.356	8.317362425156212e-05
0.357	8.26081320798744e-05
0.358	8.204716055781499e-05
0.359	8.14908576339172e-05
0.36	8.093947810843281e-05
0.361	8.039228223869533e-05
0.362	7.984950838623066e-05
0.363	7.9311107234861e-05
0.364	7.87770130296827e-05
0.365	7.824715179642909e-05
0.366	7.772143312210761e-05
0.367	7.719873917335562e-05
0.368	7.668150288160945e-05
0.369	7.61685570973287e-05
0.37	7.56598771624245e-05
0.371	7.515475621168223e-05
0.372	7.465401618139794e-05
0.373	7.41571228129792e-05
0.374	7.366401035152232e-05
0.375	7.317470345511621e-05
0.376	7.268916102694603e-05
0.377	7.22073830670118e-05
0.3779999999999999	7.172940245276534e-05
0.379	7.125526850038445e-05
0.38	7.078499764859502e-05
0.381	7.031988855674483e-05
0.382	6.985681786690887e-05
0.3829999999999999	6.93971910901534e-05
0.384	6.894154248507082e-05
0.385	6.848908299281698e-05
0.386	6.804024002026578e-05
0.387	6.759504644486907e-05
0.3879999999999999	6.71533460987306e-05
0.389	6.67153444659244e-05
0.39	6.628086893982829e-05
0.391	6.584979622999785e-05
0.392	6.542200304598868e-05
0.3929999999999999	6.499736609735638e-05
0.3939999999999999	6.457447165367172e-05
0.395	6.415611429834131e-05
0.396	6.374105290755808e-05
0.397	6.332927104259613e-05
0.3979999999999999	6.292053856129253e-05
0.3989999999999999	6.251530752861016e-05
0.4	6.211309300213431e-05
0.401	6.17138292269613e-05
0.402	6.131766415162444e-05
0.4029999999999999	6.092431831778305e-05
0.4039999999999999	6.053389035779267e-05
0.405	6.014638849101626e-05
0.406	5.9761845594905666e-05
0.407	5.9380237011371965e-05
0.408	5.900164493404482e-05
0.409	5.862593785311683e-05
0.41	5.82530993298621e-05
0.411	5.788311292555468e-05
0.412	5.751586356911313e-05
0.413	5.715153208652257e-05
0.414	5.6789904774346056e-05
0.415	5.643111314239093e-05
0.416	5.6074795538686954e-05
0.417	5.5721042376226664e-05
0.418	5.5369870093736e-05
0.419	5.502130334930385e-05
0.42	5.467534214293019e-05
0.421	5.433200291334095e-05
0.422	5.399200896447668e-05
0.423	5.365369998501931e-05
0.424	5.3317791059546445e-05
0.425	5.298436438168767e-05
0.426	5.265358433870221e-05
0.427	5.232509749798274e-05
0.428	5.19990846855144e-05
0.429	5.167534863658613e-05
0.43	5.135427566125711e-05
0.431	5.103564383672737e-05
0.432	5.071937918873028e-05
0.433	5.040541596236215e-05
0.434	5.009368018335634e-05
0.435	4.9784097877446196e-05
0.436	4.9476167663491135e-05
0.437	4.917103203294266e-05
0.4379999999999999	4.8868115630393546e-05
0.439	4.856739379775491e-05
0.44	4.8269236406359964e-05
0.441	4.7973174952519976e-05
0.442	4.767916012005717e-05
0.4429999999999999	4.7387159031519696e-05
0.444	4.709724566117422e-05
0.445	4.680933781539112e-05
0.446	4.652345193289632e-05
0.447	4.6239588013689825e-05
0.4479999999999999	4.595774605777163e-05
0.449	4.5678041136223184e-05
0.45	4.540022666815567e-05
0.451	4.512436840847278e-05
0.452	4.485045813781155e-05
0.4529999999999999	4.4578495856171965e-05
0.4539999999999999	4.430836649247259e-05
0.455	4.404021799524672e-05
0.456	4.377406680322027e-05
0.457	4.351067731714857e-05
0.4579999999999999	4.324811798673589e-05
0.4589999999999999	4.29873340387227e-05
0.46	4.2728358350560836e-05
0.461	4.2471240238428055e-05
0.462	4.221602079913916e-05
0.4629999999999999	4.196263427779049e-05
0.4639999999999999	4.171122040355236e-05
0.465	4.146170520215811e-05
0.466	4.1214039357429996e-05
0.467	4.0967524223516365e-05
0.4679999999999999	4.072263652346892e-05
0.469	4.0479573521998735e-05
0.47	4.023845029018724e-05
0.471	3.999897915033083e-05
0.472	3.976125873478501e-05
0.473	3.9525247946734994e-05
0.474	3.9290856373188215e-05
0.475	3.905801825924098e-05
0.476	3.882667606935257e-05
0.477	3.8596065402767655e-05
0.478	3.8367797254626514e-05
0.479	3.8141123662899703e-05
0.48	3.791602818886134e-05
0.481	3.7692650561681726e-05
0.482	3.747074420047206e-05
0.483	3.72502351309657e-05
0.484	3.703067950756276e-05
0.485	3.6813006118277795e-05
0.486	3.6596787556236846e-05
0.487	3.638201560207696e-05
0.488	3.616869847516111e-05
0.489	3.595684439485222e-05
0.49	3.574646979987625e-05
0.491	3.553815004564042e-05
0.492	3.533052071789328e-05
0.493	3.5124214707582786e-05
0.494	3.491947037623481e-05
0.495	3.471611511722717e-05
0.496	3.451419002737466e-05
0.497	3.431371976476619e-05
0.498	3.4115181052453447e-05
0.499	3.391741496025899e-05
0.5	3.372093930804936e-05
0.501	3.352576231518749e-05
0.502	3.333188398167339e-05
0.503	3.3139296088144104e-05
0.504	3.294733286619982e-05
0.505	3.275738338818089e-05
0.506	3.2568855859954126e-05
0.507	3.23817174040677e-05
0.508	3.219526115530701e-05
0.509	3.2010087127168165e-05
0.51	3.1826121345384516e-05
0.511	3.1643347371230164e-05
0.512	3.1461493965727394e-05
0.513	3.128121045855009e-05
0.514	3.110215163645391e-05
0.515	3.0924268183261105e-05
0.516	3.0747477905342045e-05
0.517	3.057173148651899e-05
0.518	3.0396617958643886e-05
0.519	3.0222951038649847e-05
0.52	3.0050344416477724e-05
0.521	2.987879809212752e-05
0.522	2.9708780569287982e-05
0.523	2.9539700053825943e-05
0.524	2.937168805554879e-05
0.525	2.9205122665152686e-05
0.526	2.9039173726978635e-05
0.527	2.8874161796182082e-05
0.528	2.8710152627666725e-05
0.529	2.854719553761032e-05
0.53	2.8385364500279518e-05
0.531	2.8224708831852077e-05
0.532	2.8065992933083326e-05
0.5329999999999999	2.7907540053929323e-05
0.534	2.77500899370565e-05
0.535	2.75937412148204e-05
0.536	2.7438288403147003e-05
0.537	2.7283994521651046e-05
0.5379999999999999	2.713066230562148e-05
0.539	2.697717392169566e-05
0.54	2.6825986959398802e-05
0.541	2.667594248855346e-05
0.542	2.6526933657441158e-05
0.5429999999999999	2.6378820736891556e-05
0.544	2.623147221709729e-05
0.545	2.6084740149525063e-05
0.546	2.5937827255967703e-05
0.547	2.5792706183535754e-05
0.5479999999999999	2.5648407047399858e-05
0.5489999999999999	2.5504970944374826e-05
0.55	2.536308008158638e-05
0.551	2.522193718082735e-05
0.552	2.5081492925919963e-05
0.5529999999999999	2.494221582055298e-05
0.5539999999999999	2.4803119541171134e-05
0.555	2.466467259146317e-05
0.556	2.4526973603784618e-05
0.557	2.439015408794285e-05
0.5579999999999999	2.4254288018204506e-05
0.5589999999999999	2.4120723370095126e-05
0.56	2.3986805289378445e-05
0.561	2.3853585854513407e-05
0.562	2.3721106162314822e-05
0.563	2.358950594195302e-05
0.564	2.3457979695857865e-05
0.565	2.33275384056735e-05
0.5660000000000001	2.3198272484392506e-05
0.5670000000000001	2.3071480591362638e-05
0.568	2.294392429757744e-05
0.569	2.281714062391054e-05
0.57	2.2691121350998965e-05
0.5710000000000001	2.2565825382027927e-05
0.5720000000000001	2.244125271699742e-05
0.573	2.2315890993122692e-05
0.574	2.219294576195838e-05
0.575	2.2071036170527097e-05
0.5760000000000001	2.195005536711036e-05
0.5770000000000001	2.1828934834523294e-05
0.578	2.170855404460268e-05
0.579	2.15889376554374e-05
0.58	2.1470274712375545e-05
0.581	2.1352121369817247e-05
0.5820000000000001	2.12346666731106e-05
0.583	2.11179106222556e-05
0.584	2.100185321725225e-05
0.585	2.0886494458100545e-05
0.586	2.0771834344800492e-05
0.5870000000000001	2.0657815341811366e-05
0.588	2.054453608148869e-05
0.589	2.0431955467017664e-05
0.59	2.0320065279035326e-05
0.591	2.020852030429733e-05
0.5920000000000001	2.0097591781781382e-05
0.593	1.9987452318109647e-05
0.594	1.987845534588943e-05
0.595	1.9769828245002442e-05
0.596	1.966188335124118e-05
0.597	1.9554587787153808e-05
0.598	1.9447900455925513e-05
0.599	1.934177204137854e-05
0.6	1.9236153227335124e-05
0.601	1.9130131664506637e-05
0.602	1.902581972917395e-05
0.603	1.8922214659055873e-05
0.604	1.8819135628167274e-05
0.605	1.871670592695256e-05
0.606	1.861485158114509e-05
0.607	1.851353149393005e-05
0.608	1.8412729226581534e-05
0.609	1.8312551630818017e-05
0.61	1.8212916513009902e-05
0.611	1.811384853124606e-05
0.612	1.8015355904889466e-05
0.613	1.7917413975851227e-05
0.614	1.7819973427953583e-05
0.615	1.772319042909279e-05
0.616	1.762696634691331e-05
0.617	1.753129296205219e-05
0.618	1.7435989448524295e-05
0.619	1.7341310606581405e-05
0.62	1.7247149584505033e-05
0.621	1.7153506382295176e-05
0.622	1.706039743867776e-05
0.623	1.69678802891935e-05
0.624	1.687588095957576e-05
0.625	1.6784383011098613e-05
0.626	1.66933371275843e-05
0.627	1.6602693992855053e-05
0.628	1.6512009761311006e-05
0.629	1.64222543177815e-05
0.63	1.633294271985187e-05
0.631	1.6244091406248028e-05
0.632	1.6155914080406958e-05
0.633	1.6068106625899112e-05
0.634	1.5980792333168896e-05
0.635	1.5894817796601262e-05
0.636	1.580840763379671e-05
0.637	1.5722301587421702e-05
0.638	1.563656541237992e-05
0.639	1.5551297741026892e-05
0.64	1.5466572547629262e-05
0.6409999999999999	1.5382439148364794e-05
0.642	1.5299440021188886e-05
0.643	1.5216440894012977e-05
0.644	1.5133934928614704e-05
0.645	1.505174129900893e-05
0.6459999999999999	1.4969933979462304e-05
0.647	1.488843899570818e-05
0.648	1.4807486489909457e-05
0.649	1.4727175094421653e-05
0.65	1.4647266447718922e-05
0.6509999999999999	1.4567850962793828e-05
0.652	1.448889576219452e-05
0.653	1.4410335091017323e-05
0.654	1.4332136071810392e-05
0.655	1.4254241169033e-05
0.6559999999999999	1.4175853104477974e-05
0.657	1.4098821234811445e-05
0.6579999999999999	1.402227430755959e-05
0.659	1.3946056154826157e-05
0.66	1.3870101021707463e-05
0.6609999999999999	1.379456507609976e-05
0.662	1.3719456537366002e-05
0.6629999999999999	1.3645063083209818e-05
0.664	1.3570760042046198e-05
0.665	1.3496818652852847e-05
0.6659999999999999	1.3423238915629759e-05
0.667	1.3350012611013978e-05
0.6679999999999999	1.327713151964254e-05
0.669	1.3204349060626628e-05
0.67	1.3132191273195718e-05
0.6709999999999999	1.3060395137735076e-05
0.672	1.2988985312333582e-05
0.6729999999999999	1.2917978235717157e-05
0.674	1.2847258836804345e-05
0.675	1.2776933967313648e-05
0.6759999999999999	1.270702006597098e-05
0.677	1.2637648642583706e-05
0.6779999999999999	1.2568548458174134e-05
0.679	1.2499801706371865e-05
0.68	1.2431391948450982e-05
0.6809999999999999	1.2363286306959638e-05
0.682	1.2295419026994152e-05
0.6829999999999999	1.222718187569544e-05
0.684	1.2159939267314957e-05
0.685	1.209305831090474e-05
0.6859999999999999	1.2026539006464788e-05
0.687	1.1960447108898786e-05
0.688	1.1894790837569696e-05
0.6890000000000001	1.1829471560121988e-05
0.69	1.1764456399103822e-05
0.691	1.1699786451330001e-05
0.6920000000000001	1.1635437058711641e-05
0.693	1.1571391782522823e-05
0.6940000000000001	1.1507650622763547e-05
0.695	1.144418892134493e-05
0.696	1.1381014897629933e-05
0.6970000000000001	1.1318128551618558e-05
0.698	1.1255505225221918e-05
0.6990000000000001	1.1193153137802978e-05
0.7	1.1131031192546935e-05
0.701	1.1068210601439243e-05
0.7020000000000001	1.1005981804464714e-05
0.703	1.0943942052838278e-05
0.7040000000000001	1.0882099565922894e-05
0.705	1.0820487221170406e-05
0.706	1.0759121457306736e-05
0.7070000000000001	1.0698018713057806e-05
0.708	1.0637203646512493e-05
0.7090000000000001	1.0576692696396726e-05
0.71	1.0516494082073458e-05
0.711	1.0456624242268612e-05
0.7120000000000001	1.0397099615708112e-05
0.713	1.0337936641117877e-05
0.7140000000000001	1.0279127099134947e-05
0.715	1.0216002391597715e-05
0.716	1.0157472307955442e-05
0.7170000000000001	1.0099344973098242e-05
0.718	1.0041620387026106e-05
0.7190000000000001	9.984331427190884e-06
0.72	9.927469874229611e-06
0.721	9.871052166868208e-06
0.722	9.815086524469637e-06
0.723	9.759581166396858e-06
0.7240000000000001	9.704552531375795e-06
0.725	9.649984180680522e-06
0.726	9.595900772399925e-06
0.727	9.542302306534e-06
0.728	9.489172344356829e-06
0.7290000000000001	9.43653554395729e-06
0.73	9.384367247246508e-06
0.731	9.332683892950398e-06
0.732	9.281477261706002e-06
0.733	9.230730914787397e-06
0.7340000000000001	9.180444852194586e-06
0.735	9.130619073927567e-06
0.736	9.08123714126042e-06
0.737	9.03228261546722e-06
0.738	8.983755496547972e-06
0.7390000000000001	8.938351735553743e-06
0.74	8.889372551671664e-06
0.741	8.840681045493204e-06
0.742	8.792260778292444e-06
0.743	8.744095311343461e-06
0.7440000000000001	8.696176425283295e-06
0.745	8.648495900748988e-06
0.746	8.601037299014613e-06
0.747	8.553784181354256e-06
0.748	8.506720109041991e-06
0.7490000000000001	8.459836862714858e-06
0.75	8.413118003646936e-06
0.7509999999999999	8.366555312475266e-06
0.752	8.320124131110965e-06
0.753	8.273824459554033e-06
0.754	8.22763163971559e-06
0.755	8.181534986423785e-06
0.7559999999999999	8.135522170634176e-06
0.757	8.089579219429735e-06
0.758	8.043692981829718e-06
0.759	7.997851128789692e-06
0.76	7.952040509328914e-06
0.7609999999999999	7.906250438275539e-06
0.762	7.860467764648827e-06
0.763	7.743703494430866e-06
0.764	7.697859997518248e-06
0.765	7.652387193875151e-06
0.7659999999999999	7.607282617692686e-06
0.767	7.562539693480489e-06
0.768	7.518155133493371e-06
0.769	7.474120718368374e-06
0.77	7.43042987261513e-06
0.7709999999999999	7.3870751988069725e-06
0.772	7.344046833708351e-06
0.773	7.301336557956304e-06
0.774	7.25893204250639e-06
0.775	7.216824246059352e-06
0.7759999999999999	7.175000017634454e-06
0.777	7.133447850123553e-06
0.778	7.0921537706096124e-06
0.779	7.051106271984491e-06
0.78	7.010288915522263e-06
0.7809999999999999	6.969688550242195e-06
0.782	6.929291203227254e-06
0.7829999999999999	6.8886423437057194e-06
0.784	6.8472110008303374e-06
0.785	6.805893085163813e-06
0.7859999999999999	6.764685308960958e-06
0.787	6.723584384476592e-06
0.7879999999999999	6.682587845901826e-06
0.789	6.641692405491473e-06
0.79	6.600895597436647e-06
0.7909999999999999	6.560195777864758e-06
0.792	6.519590480966914e-06
0.7929999999999999	6.479078062870525e-06
0.794	6.438657701639293e-06
0.795	6.3983285753369245e-06
0.7959999999999999	6.358089040090827e-06
0.797	6.3179399178372946e-06
0.7979999999999999	6.277878742767442e-06
0.799	6.237906336817562e-06
0.8	6.1980235219239536e-06
0.8009999999999999	6.158228654214023e-06
0.802	6.118524199496658e-06
0.8029999999999999	6.078908513899268e-06
0.804	6.049875258113621e-06
0.805	6.0103639584258306e-06
0.8059999999999999	5.970889645871363e-06
0.807	5.931453964322809e-06
0.8079999999999999	5.892060201525354e-06
0.809	5.852709179415294e-06
0.81	5.8134041857378135e-06
0.8109999999999999	5.774149330174393e-06
0.812	5.734946256597623e-06
0.813	5.6957998966252825e-06
0.8140000000000001	5.656714359938849e-06
0.815	5.617692112347213e-06
0.816	5.578738907404445e-06
0.8170000000000001	5.539858032855731e-06
0.818	5.5010552422551405e-06
0.8190000000000001	5.462335467220454e-06
0.82	5.423702817433149e-06
0.821	5.385163046447298e-06
0.8220000000000001	5.346721085880678e-06
0.823	5.308382689287362e-06
0.8240000000000001	5.270152788285125e-06
0.825	5.232037958364336e-06
0.826	5.194043131142772e-06
0.8270000000000001	5.156173238238207e-06
0.828	5.118436499013605e-06
0.8290000000000001	5.080836201214149e-06
0.83	5.043378920330207e-06
0.831	5.006071231852146e-06
0.8320000000000001	4.968918067397745e-06
0.833	4.931925180521075e-06
0.8340000000000001	4.8950983247762085e-06
0.835	4.858443253717218e-06
0.836	4.8219648989618805e-06
0.8370000000000001	4.7856698360005625e-06
0.838	4.7495621745147475e-06
0.8390000000000001	4.713646846122209e-06
0.84	4.677929604377021e-06
0.841	4.642415380896959e-06
0.8420000000000001	4.607107463427207e-06
0.843	4.572010783585542e-06
0.8440000000000001	4.53713027298974e-06
0.845	4.514735796667351e-06
0.846	4.480545712560238e-06
0.847	4.44651508409456e-06
0.848	4.412643089334021e-06
0.8490000000000001	4.378928906342326e-06
0.85	4.3453692473742885e-06
0.851	4.311963290493614e-06
0.852	4.278706926018823e-06
0.853	4.245598510077322e-06
0.8540000000000001	4.2126355768602225e-06
0.855	4.179814016686046e-06
0.856	4.147131363745902e-06
0.857	4.114585152230905e-06
0.858	4.08216962858698e-06
0.8590000000000001	4.0498823270052405e-06
0.86	4.017719959740502e-06
0.861	3.985677595174988e-06
0.862	3.9537503016909216e-06
0.863	3.9219356134794156e-06
0.8640000000000001	3.8902277769863965e-06
0.865	3.85862350446668e-06
0.866	3.826875393095155e-06
0.867	3.7950187861325495e-06
0.868	3.763228756009925e-06
0.8690000000000001	3.7315053027272813e-06
0.87	3.69984596047573e-06
0.871	3.668249907318975e-06
0.872	3.6367146774481283e-06
0.873	3.6052402708631897e-06
0.8740000000000001	3.573825865627863e-06
0.875	3.5424698178695573e-06
0.8759999999999999	3.511171305651975e-06
0.877	3.479929507038821e-06
0.878	3.448743600093799e-06
0.879	3.417614406753204e-06
0.88	3.38653946120815e-06
0.8809999999999999	3.3555195853949313e-06
0.882	3.3245539573772524e-06
0.883	3.293642577155114e-06
0.884	3.2627846227922187e-06
0.885	3.231980916224863e-06
0.8859999999999999	3.2012306355167517e-06
0.887	3.1381774364372754e-06
0.888	3.108075663466753e-06
0.889	3.078185950060614e-06
0.89	3.0485033646010813e-06
0.8909999999999999	3.019018865788899e-06
0.892	2.989725878133698e-06
0.893	2.960617004208813e-06
0.894	2.9316832027149895e-06
0.895	2.902917898161857e-06
0.8959999999999999	2.87431204925016e-06
0.897	2.845856614680642e-06
0.898	2.817542553154045e-06
0.899	2.789362467243706e-06
0.9	2.7613064937140715e-06
0.901	2.7333647693295894e-06
0.902	2.7055298966635946e-06
0.903	2.677791190544238e-06
0.904	2.6501396096722645e-06
0.905	2.6225669346847116e-06
0.906	2.595062480409732e-06
0.907	2.5676172055480687e-06
0.908	2.5402228907367608e-06
0.909	2.51286885080396e-06
0.91	2.4855476883230007e-06
0.911	2.458249540058332e-06
0.912	2.4309661866469918e-06
0.913	2.4036877648534277e-06
0.914	2.376406877250976e-06
0.915	2.3491144825403794e-06
0.916	2.321803183294973e-06
0.917	2.294464760151797e-06
0.918	2.267090993747891e-06
0.919	2.239675308592885e-06
0.92	2.2122103072601166e-06
0.921	2.1846885923229196e-06
0.922	2.1571044102272223e-06
0.923	2.1294511854826563e-06
0.924	2.101722342598853e-06
0.925	2.073913771894332e-06
0.926	2.046018897878725e-06
0.927	2.0180336108705514e-06
0.928	1.97526990925926e-06
0.929	1.9469180386630446e-06
0.93	1.918542331914244e-06
0.931	1.890143610949154e-06
0.932	1.8617226977040696e-06
0.933	1.833280414115288e-06
0.934	1.804818404055401e-06
0.935	1.7763366675244089e-06
0.936	1.7478376703311993e-06
0.937	1.7193238782846609e-06
0.938	1.6907961133210894e-06
0.939	1.662256841249373e-06
0.94	1.633709349814696e-06
0.941	1.6051561048259466e-06
0.942	1.576599572092013e-06
0.943	1.5480438612943757e-06
0.944	1.5194906163056265e-06
0.945	1.4909447687435416e-06
0.946	1.4624096063533056e-06
0.947	1.4338884168801024e-06
0.948	1.4053853100054127e-06
0.949	1.3776868787645635e-06
0.95	1.3536526395315395e-06
0.951	1.3292781186719476e-06
0.952	1.3046997576109336e-06
0.953	1.2799035834314642e-06
0.954	1.2548780890253946e-06
0.955	1.2296150550297645e-06
0.956	1.2041079059542049e-06
0.957	1.178353354053532e-06
0.958	1.15235057739145e-06
0.959	1.1261020417768465e-06
0.96	1.099611034954906e-06
0.961	1.0728857762885892e-06
0.962	1.0459353070771525e-06
0.963	1.0187703124924446e-06
0.964	9.914047654514986e-07
0.965	9.63855104680236e-07
0.966	9.361369469682813e-07
0.967	9.082708407230362e-07
0.968	8.802756904793101e-07
0.969	8.521736885170965e-07
0.97	8.239862051800929e-07
0.971	8.000955582179902e-07
0.972	7.714561743054141e-07
0.973	7.427922966912154e-07
0.974	7.141317068222009e-07
0.975	6.855016107897702e-07
0.976	6.569276530063602e-07
0.977	6.286281397522039e-07
0.978	6.002145417401549e-07
0.979	5.719221793317744e-07
0.98	5.43766751510317e-07
0.981	5.157602585457051e-07
0.982	4.871493136289727e-07
0.983	4.59513924902031e-07
0.984	4.3214804908656675e-07
0.985	4.051710313327673e-07
0.986	3.77954008180519e-07
0.987	3.5107529400772814e-07
0.988	3.2395599908108116e-07
0.989	2.9686645824835144e-07
0.99	2.697692734080684e-07
0.991	2.426209641301706e-07
0.992	2.156743580193253e-07
0.993	1.885553096735671e-07
0.994	1.614729196866131e-07
0.995	1.3453535487502447e-07
0.996	1.074804997539884e-07
0.997	8.061601329848225e-08
0.998	5.374998160273952e-08
0.999	2.6865341269254045e-08
1.0	7.541166062037803e-9
