  5.0000E-03  0.0000E+00  0.0000E+00  0.0000E+00  0.0000E+00  3.4736E+06  0.0000E+00 -2.0000E-03   1   5
  5.0000E-03  0.0000E+00  2.5000E-04  0.0000E+00  0.0000E+00  0.0000E+00  0.0000E+00 -2.0000E-03   1   3
  5.0000E-03  0.0000E+00  5.0000E-04  0.0000E+00  0.0000E+00  0.0000E+00  0.0000E+00 -2.0000E-03   1   3
  5.0000E-03  0.0000E+00  7.5000E-04  0.0000E+00  0.0000E+00  0.0000E+00  0.0000E+00 -2.0000E-03   1   3
  0.0000E+00  5.0000E-03 -2.5000E-04  0.0000E+00  0.0000E+00  0.0000E+00  0.0000E+00 -2.0000E-03   1   3
  0.0000E+00  5.0000E-03 -5.0000E-04  0.0000E+00  0.0000E+00  0.0000E+00  0.0000E+00 -2.0000E-03   1   3
  0.0000E+00  5.0000E-03 -7.5000E-04  0.0000E+00  0.0000E+00  0.0000E+00  0.0000E+00 -2.0000E-03   1   3
  6.2618E-03  3.1401E-03  4.2081E-04  0.0000E+00  0.0000E+00 -1.7316E-04  0.0000E+00 -2.0000E-03   1   5
  6.1718E-03  1.4081E-03  1.2667E-04  0.0000E+00  0.0000E+00  2.0451E+04  0.0000E+00 -2.0000E-03   1   5
  5.8825E-03  5.6513E-05 -1.2667E-04  0.0000E+00  0.0000E+00 -2.0454E+04  0.0000E+00 -2.0000E-03   1   5
  4.0758E-03  4.2104E-03 -4.2081E-04  0.0000E+00  0.0000E+00  3.4878E+04  0.0000E+00 -2.0000E-03   1   5
 -3.9106E-03  2.5692E-03  8.7534E-04  0.0000E+00  0.0000E+00 -9.6623E+03  0.0000E+00 -2.0000E-03   1   5
 -3.6121E-03  3.1105E-03  3.5315E-04  0.0000E+00  0.0000E+00  9.6618E+03  0.0000E+00 -2.0000E-03   1   5
 -2.1105E-03 -4.5186E-03  7.5485E-05  0.0000E+00  0.0000E+00 -3.4886E+04  0.0000E+00 -2.0000E-03   1   5
 -3.6259E-03  3.0700E-03 -1.7923E-04  0.0000E+00  0.0000E+00  4.6512E+04  0.0000E+00 -2.0000E-03   1   5
 -3.6185E-04  4.4893E-03 -4.9723E-04  0.0000E+00  0.0000E+00 -4.7702E+03  0.0000E+00 -2.0000E-03   1   5
 -3.8324E-03  2.7238E-03  7.0254E-04  0.0000E+00  0.0000E+00  1.4820E+04  0.0000E+00 -2.0000E-03   1   5
 -7.0856E-04  3.9689E-03  2.9142E-04  0.0000E+00  0.0000E+00 -2.6903E+04  0.0000E+00 -2.0000E-03   1   5
  1.4359E-04  3.5268E-03  2.5077E-05  0.0000E+00  0.0000E+00  2.6899E+04  0.0000E+00 -2.0000E-03   1   5
 -7.6492E-04 -2.4828E-03 -2.3385E-04  0.0000E+00  0.0000E+00 -1.4822E+04  0.0000E+00 -2.0000E-03   1   5
  3.8988E-03  8.4895E-05 -5.8749E-04  0.0000E+00  0.0000E+00  4.7700E+03  0.0000E+00 -2.0000E-03   1   5
  3.6244E-03  2.3564E-03  5.8749E-04  0.0000E+00  0.0000E+00 -4.6526E+04  0.0000E+00 -2.0000E-03   1   5
 -5.1620E-03 -2.7557E-03  2.3385E-04  0.0000E+00  0.0000E+00  5.6474E+04  0.0000E+00 -2.0000E-03   1   5
  5.3523E-03  4.7246E-03 -2.5077E-05  0.0000E+00  0.0000E+00 -2.3777E+03  0.0000E+00 -2.0000E-03   1   5
  4.5750E-03 -3.6924E-03 -2.9142E-04  0.0000E+00  0.0000E+00  1.7560E+04  0.0000E+00 -2.0000E-03   1   5
 -3.5691E-04  4.8430E-03 -7.0254E-04  0.0000E+00  0.0000E+00 -2.3545E+04  0.0000E+00 -2.0000E-03   1   5
  2.5460E-03 -4.8382E-03  4.9723E-04  0.0000E+00  0.0000E+00  3.0623E+04  0.0000E+00 -2.0000E-03   1   5
  1.0759E-03 -5.2955E-03  1.7923E-04  0.0000E+00  0.0000E+00 -1.2198E+04  0.0000E+00 -2.0000E-03   1   5
  5.4474E-03 -1.4319E-03 -7.5485E-05  0.0000E+00  0.0000E+00  7.1925E+03  0.0000E+00 -2.0000E-03   1   5
 -4.5746E-03 -1.5108E-03 -3.5315E-04  0.0000E+00  0.0000E+00 -3.9971E+04  0.0000E+00 -2.0000E-03   1   5
 -2.9706E-03 -4.8999E-03 -8.7534E-04  0.0000E+00  0.0000E+00  3.9961E+04  0.0000E+00 -2.0000E-03   1   5
  4.7454E-03  2.9084E-04  4.0669E-04  0.0000E+00  0.0000E+00 -7.1928E+03  0.0000E+00 -2.0000E-03   1   5
  1.7790E-03  6.9030E-03  1.1635E-04  0.0000E+00  0.0000E+00  1.2197E+04  0.0000E+00 -2.0000E-03   1   5
 -6.7453E-05  6.3457E-03 -1.3706E-04  0.0000E+00  0.0000E+00 -3.0629E+04  0.0000E+00 -2.0000E-03   1   5
  4.4914E-03 -1.2576E-04 -4.3527E-04  0.0000E+00  0.0000E+00  2.3542E+04  0.0000E+00 -2.0000E-03   1   5
  2.8361E-03 -2.9796E-03  8.3228E-04  0.0000E+00  0.0000E+00 -1.7562E+04  0.0000E+00 -2.0000E-03   1   5
 -1.1527E-03 -4.5133E-03  3.4040E-04  0.0000E+00  0.0000E+00  2.3777E+03  0.0000E+00 -2.0000E-03   1   5
  6.0185E-04  5.0181E-03  6.5358E-05  0.0000E+00  0.0000E+00 -5.6493E+04  0.0000E+00 -2.0000E-03   1   5
 -3.9115E-04  5.0002E-03 -1.8996E-04  0.0000E+00  0.0000E+00  6.5299E+04  0.0000E+00 -2.0000E-03   1   5
 -4.6209E-03  3.8540E-03 -5.1395E-04  0.0000E+00  0.0000E+00 -1.1879E+03  0.0000E+00 -2.0000E-03   1   5
 -2.0689E-03 -2.4403E-03  6.7659E-04  0.0000E+00  0.0000E+00  1.8984E+04  0.0000E+00 -2.0000E-03   1   5
  5.8029E-03 -3.0969E-03  2.7962E-04  0.0000E+00  0.0000E+00 -2.1971E+04  0.0000E+00 -2.0000E-03   1   5
 -1.9086E-03  3.1777E-03  1.5042E-05  0.0000E+00  0.0000E+00  3.2670E+04  0.0000E+00 -2.0000E-03   1   5
 -4.0289E-03 -2.4616E-04 -2.4509E-04  0.0000E+00  0.0000E+00 -1.0921E+04  0.0000E+00 -2.0000E-03   1   5
  5.1979E-03 -3.6954E-03 -6.0798E-04  0.0000E+00  0.0000E+00  8.4202E+03  0.0000E+00 -2.0000E-03   1   5
 -4.7730E-04  7.0018E-03  5.6795E-04  0.0000E+00  0.0000E+00 -3.7297E+04  0.0000E+00 -2.0000E-03   1   5
  3.5424E-03  5.1680E-03  2.2272E-04  0.0000E+00  0.0000E+00  4.2986E+04  0.0000E+00 -2.0000E-03   1   5
  4.6219E-03  3.2916E-03 -3.5122E-05  0.0000E+00  0.0000E+00 -5.9767E+03  0.0000E+00 -2.0000E-03   1   5
  1.9945E-03  5.2882E-03 -3.0339E-04  0.0000E+00  0.0000E+00  1.3496E+04  0.0000E+00 -2.0000E-03   1   5
  4.7614E-03  1.6578E-03 -7.3053E-04  0.0000E+00  0.0000E+00 -2.8712E+04  0.0000E+00 -2.0000E-03   1   5
 -3.9504E-03 -3.1053E-03  4.8105E-04  0.0000E+00  0.0000E+00  2.5182E+04  0.0000E+00 -2.0000E-03   1   5
  4.0319E-03 -2.2703E-03  1.6858E-04  0.0000E+00  0.0000E+00 -1.6175E+04  0.0000E+00 -2.0000E-03   1   5
  3.6561E-03  2.5440E-03 -8.5642E-05  0.0000E+00  0.0000E+00  3.5711E+03  0.0000E+00 -2.0000E-03   1   5
 -5.8579E-04  4.6573E-03 -3.6614E-04  0.0000E+00  0.0000E+00 -5.0827E+04  0.0000E+00 -2.0000E-03   1   5
  2.6909E-03  2.8671E-03 -9.2609E-04  0.0000E+00  0.0000E+00  5.0812E+04  0.0000E+00 -2.0000E-03   1   5
 -3.7839E-03 -5.0902E-03  3.9289E-04  0.0000E+00  0.0000E+00 -3.5712E+03  0.0000E+00 -2.0000E-03   1   5
 -1.6884E-03  3.9016E-03  1.0607E-04  0.0000E+00  0.0000E+00  1.6174E+04  0.0000E+00 -2.0000E-03   1   5
  4.1070E-03 -6.2286E-03 -1.4750E-04  0.0000E+00  0.0000E+00 -2.5185E+04  0.0000E+00 -2.0000E-03   1   5
  3.3768E-03  6.6102E-03 -4.5011E-04  0.0000E+00  0.0000E+00  2.8707E+04  0.0000E+00 -2.0000E-03   1   5
  5.9798E-03  2.5173E-03  7.9463E-04  0.0000E+00  0.0000E+00 -1.3497E+04  0.0000E+00 -2.0000E-03   1   5
  5.2292E-03  3.4084E-03  3.2786E-04  0.0000E+00  0.0000E+00  5.9765E+03  0.0000E+00 -2.0000E-03   1   5
 -4.0961E-03 -7.9234E-04  5.5258E-05  0.0000E+00  0.0000E+00 -4.2997E+04  0.0000E+00 -2.0000E-03   1   5
  3.9085E-03 -3.2327E-03 -2.0079E-04  0.0000E+00  0.0000E+00  3.7289E+04  0.0000E+00 -2.0000E-03   1   5
  5.0384E-03  1.9683E-03 -5.3126E-04  0.0000E+00  0.0000E+00 -8.4206E+03  0.0000E+00 -2.0000E-03   1   5
 -3.6599E-03 -3.1455E-03  6.5234E-04  0.0000E+00  0.0000E+00  1.0920E+04  0.0000E+00 -2.0000E-03   1   5
 -9.3596E-04  4.7459E-03  2.6797E-04  0.0000E+00  0.0000E+00 -3.2677E+04  0.0000E+00 -2.0000E-03   1   5
  3.2098E-03 -4.1037E-03  5.0133E-06  0.0000E+00  0.0000E+00  2.1968E+04  0.0000E+00 -2.0000E-03   1   5
 -3.7209E-03  3.0279E-03 -2.5647E-04  0.0000E+00  0.0000E+00 -1.8986E+04  0.0000E+00 -2.0000E-03   1   5
  3.3463E-04  4.1284E-03 -6.2954E-04  0.0000E+00  0.0000E+00  1.1879E+03  0.0000E+00 -2.0000E-03   1   5
  5.4390E-04  3.7484E-03  5.4923E-04  0.0000E+00  0.0000E+00 -6.5325E+04  0.0000E+00 -2.0000E-03   1   5
 -3.9629E-03 -5.4500E-03  2.1170E-04  0.0000E+00  0.0000E+00  7.3291E+04  0.0000E+00 -2.0000E-03   1   5
  2.2879E-03  5.6801E-03 -4.5181E-05  0.0000E+00  0.0000E+00 -5.9385E+02  0.0000E+00 -2.0000E-03   1   5
 -4.0700E-03  5.3682E-03 -3.1553E-04  0.0000E+00  0.0000E+00  1.9712E+04  0.0000E+00 -2.0000E-03   1   5
  3.3085E-03  3.4320E-04 -7.6102E-04  0.0000E+00  0.0000E+00 -2.1206E+04  0.0000E+00 -2.0000E-03   1   5
  4.3983E-03  5.1339E-03  4.6536E-04  0.0000E+00  0.0000E+00  3.3752E+04  0.0000E+00 -2.0000E-03   1   5
 -3.2521E-03 -1.2628E-03  1.5800E-04  0.0000E+00  0.0000E+00 -1.0289E+04  0.0000E+00 -2.0000E-03   1   5
  1.8562E-03  5.1622E-03 -9.5835E-05  0.0000E+00  0.0000E+00  9.0391E+03  0.0000E+00 -2.0000E-03   1   5
 -3.9823E-03 -1.1565E-03 -3.7938E-04  0.0000E+00  0.0000E+00 -3.6063E+04  0.0000E+00 -2.0000E-03   1   5
  1.4510E-03  4.7684E-03 -9.8868E-04  0.0000E+00  0.0000E+00  4.4674E+04  0.0000E+00 -2.0000E-03   1   5
  2.7387E-03 -4.8434E-03  9.8868E-04  0.0000E+00  0.0000E+00 -5.3724E+03  0.0000E+00 -2.0000E-03   1   5
  5.1226E-03 -2.0480E-03  3.7938E-04  0.0000E+00  0.0000E+00  1.4155E+04  0.0000E+00 -2.0000E-03   1   5
 -1.0471E-03  4.0078E-03  9.5835E-05  0.0000E+00  0.0000E+00 -2.7795E+04  0.0000E+00 -2.0000E-03   1   5
 -6.5833E-04  3.7972E-03 -1.5800E-04  0.0000E+00  0.0000E+00  2.6030E+04  0.0000E+00 -2.0000E-03   1   5
  1.8603E-04  3.3201E-03 -4.6536E-04  0.0000E+00  0.0000E+00 -1.5495E+04  0.0000E+00 -2.0000E-03   1   5
 -2.4823E-03 -2.6729E-03  7.6102E-04  0.0000E+00  0.0000E+00  4.1697E+03  0.0000E+00 -2.0000E-03   1   5
  4.5331E-03  4.9436E-04  3.1553E-04  0.0000E+00  0.0000E+00 -4.8554E+04  0.0000E+00 -2.0000E-03   1   5
  1.7880E-03  5.2829E-03  4.5181E-05  0.0000E+00  0.0000E+00  5.3410E+04  0.0000E+00 -2.0000E-03   1   5
 -2.4942E-03 -4.0682E-03 -2.1170E-04  0.0000E+00  0.0000E+00 -2.9739E+03  0.0000E+00 -2.0000E-03   1   5
 -1.9763E-03  5.3042E-03 -5.4923E-04  0.0000E+00  0.0000E+00  1.6862E+04  0.0000E+00 -2.0000E-03   1   5
 -1.5446E-03  5.1935E-03  6.2954E-04  0.0000E+00  0.0000E+00 -2.4356E+04  0.0000E+00 -2.0000E-03   1   5
 -1.8155E-04 -4.7578E-03  2.5647E-04  0.0000E+00  0.0000E+00  2.9650E+04  0.0000E+00 -2.0000E-03   1   5
  2.8109E-03  4.7646E-03 -5.0133E-06  0.0000E+00  0.0000E+00 -1.2845E+04  0.0000E+00 -2.0000E-03   1   5
 -1.7695E-03  3.4532E-03 -2.6797E-04  0.0000E+00  0.0000E+00  6.5832E+03  0.0000E+00 -2.0000E-03   1   5
 -3.5119E-03 -2.5298E-03 -6.5234E-04  0.0000E+00  0.0000E+00 -4.1433E+04  0.0000E+00 -2.0000E-03   1   5
  2.3271E-03 -5.6398E-03  5.3126E-04  0.0000E+00  0.0000E+00  3.8587E+04  0.0000E+00 -2.0000E-03   1   5
 -4.0919E-03 -2.7192E-03  2.0079E-04  0.0000E+00  0.0000E+00 -7.8051E+03  0.0000E+00 -2.0000E-03   1   5
  3.9425E-03  1.8840E-03 -5.5258E-05  0.0000E+00  0.0000E+00  1.1556E+04  0.0000E+00 -2.0000E-03   1   5
 -3.9890E-03 -7.8268E-04 -3.2786E-04  0.0000E+00  0.0000E+00 -3.1635E+04  0.0000E+00 -2.0000E-03   1   5
 -4.7481E-03  2.0356E-03 -7.9463E-04  0.0000E+00  0.0000E+00  2.2747E+04  0.0000E+00 -2.0000E-03   1   5
  4.2535E-03 -1.8181E-03  4.5011E-04  0.0000E+00  0.0000E+00 -1.8269E+04  0.0000E+00 -2.0000E-03   1   5
 -2.4740E-03  5.0160E-03  1.4750E-04  0.0000E+00  0.0000E+00  1.7825E+03  0.0000E+00 -2.0000E-03   1   5
  9.1786E-04 -4.4697E-03 -1.0607E-04  0.0000E+00  0.0000E+00 -6.0276E+04  0.0000E+00 -2.0000E-03   1   5
  3.6864E-03  3.0328E-03 -3.9289E-04  0.0000E+00  0.0000E+00  6.0254E+04  0.0000E+00 -2.0000E-03   1   5
 -4.2374E-03  3.4151E-03  9.2609E-04  0.0000E+00  0.0000E+00 -1.7825E+03  0.0000E+00 -2.0000E-03   1   5
 -4.1483E-03 -3.8959E-03  3.6614E-04  0.0000E+00  0.0000E+00  1.8267E+04  0.0000E+00 -2.0000E-03   1   5
  7.0722E-04 -5.1040E-03  8.5642E-05  0.0000E+00  0.0000E+00 -2.2750E+04  0.0000E+00 -2.0000E-03   1   5
 -3.9111E-03 -4.8756E-03 -1.6858E-04  0.0000E+00  0.0000E+00  3.1629E+04  0.0000E+00 -2.0000E-03   1   5
 -5.5598E-03  2.3380E-03 -4.8105E-04  0.0000E+00  0.0000E+00 -1.1557E+04  0.0000E+00 -2.0000E-03   1   5
  4.8630E-03  2.9119E-03  7.3053E-04  0.0000E+00  0.0000E+00  7.8047E+03  0.0000E+00 -2.0000E-03   1   5
  6.0969E-03 -3.5413E-03  3.0339E-04  0.0000E+00  0.0000E+00 -3.8596E+04  0.0000E+00 -2.0000E-03   1   5
  3.1475E-03  6.2271E-03  3.5122E-05  0.0000E+00  0.0000E+00  4.1422E+04  0.0000E+00 -2.0000E-03   1   5
 -4.1411E-03  8.8253E-04 -2.2272E-04  0.0000E+00  0.0000E+00 -6.5834E+03  0.0000E+00 -2.0000E-03   1   5
  1.2745E-03 -4.1241E-03 -5.6795E-04  0.0000E+00  0.0000E+00  1.2844E+04  0.0000E+00 -2.0000E-03   1   5
 -5.1506E-04 -4.3111E-03  6.0798E-04  0.0000E+00  0.0000E+00 -2.9655E+04  0.0000E+00 -2.0000E-03   1   5
 -3.7121E-03  3.3256E-03  2.4509E-04  0.0000E+00  0.0000E+00  2.4353E+04  0.0000E+00 -2.0000E-03   1   5
 -4.8092E-03 -2.8500E-04 -1.5042E-05  0.0000E+00  0.0000E+00 -1.6864E+04  0.0000E+00 -2.0000E-03   1   5
 -4.2659E-03 -2.5945E-03 -2.7962E-04  0.0000E+00  0.0000E+00  2.9738E+03  0.0000E+00 -2.0000E-03   1   5
 -5.0353E-03 -1.1652E-03 -6.7659E-04  0.0000E+00  0.0000E+00 -5.3428E+04  0.0000E+00 -2.0000E-03   1   5
 -3.5043E-04  4.5796E-03  5.1395E-04  0.0000E+00  0.0000E+00  4.8540E+04  0.0000E+00 -2.0000E-03   1   5
 -2.7005E-03  3.8145E-03  1.8996E-04  0.0000E+00  0.0000E+00 -4.1699E+03  0.0000E+00 -2.0000E-03   1   5
  2.7596E-03  2.7983E-03 -6.5358E-05  0.0000E+00  0.0000E+00  1.5493E+04  0.0000E+00 -2.0000E-03   1   5
  2.6846E-03 -4.8400E-03 -3.4040E-04  0.0000E+00  0.0000E+00 -2.6034E+04  0.0000E+00 -2.0000E-03   1   5
 -5.7862E-03 -3.3732E-03 -8.3228E-04  0.0000E+00  0.0000E+00  2.7790E+04  0.0000E+00 -2.0000E-03   1   5
  2.4067E-03 -1.7421E-03  4.3527E-04  0.0000E+00  0.0000E+00 -1.4156E+04  0.0000E+00 -2.0000E-03   1   5
  3.0123E-03 -3.2168E-04  1.3706E-04  0.0000E+00  0.0000E+00  5.3722E+03  0.0000E+00 -2.0000E-03   1   5
  1.8994E-03 -4.1829E-03 -1.1635E-04  0.0000E+00  0.0000E+00 -4.4686E+04  0.0000E+00 -2.0000E-03   1   5
 -3.6130E-03  4.2631E-04 -4.0669E-04  0.0000E+00  0.0000E+00  3.6055E+04  0.0000E+00 -2.0000E-03   1   5
  2.8160E-03  5.0419E-03  4.1796E-04  0.0000E+00  0.0000E+00 -9.0396E+03  0.0000E+00 -2.0000E-03   1   5
  4.8344E-03  3.1627E-03  1.2460E-04  0.0000E+00  0.0000E+00  1.0289E+04  0.0000E+00 -2.0000E-03   1   5
 -3.7968E-03 -2.3330E-03 -1.2875E-04  0.0000E+00  0.0000E+00 -3.3759E+04  0.0000E+00 -2.0000E-03   1   5
 -3.3389E-03  3.0044E-03 -4.2368E-04  0.0000E+00  0.0000E+00  2.1203E+04  0.0000E+00 -2.0000E-03   1   5
  1.4339E-03  4.4366E-03  8.6621E-04  0.0000E+00  0.0000E+00 -1.9714E+04  0.0000E+00 -2.0000E-03   1   5
  3.6778E-03  2.8937E-03  3.5058E-04  0.0000E+00  0.0000E+00  5.9385E+02  0.0000E+00 -2.0000E-03   1   5
 -1.6025E-04 -5.9219E-03  7.3457E-05  0.0000E+00  0.0000E+00 -7.3324E+04  0.0000E+00 -2.0000E-03   1   5
 -2.0018E-03  3.3602E-03 -1.8137E-04  0.0000E+00  0.0000E+00  8.0642E+04  0.0000E+00 -2.0000E-03   1   5
  4.7082E-03 -1.7372E-03 -5.0053E-04  0.0000E+00  0.0000E+00 -2.9691E+02  0.0000E+00 -2.0000E-03   1   5
  3.6704E-03  4.4037E-03  6.9719E-04  0.0000E+00  0.0000E+00  2.0080E+04  0.0000E+00 -2.0000E-03   1   5
  3.1629E-03  4.3755E-03  2.8905E-04  0.0000E+00  0.0000E+00 -2.0828E+04  0.0000E+00 -2.0000E-03   1   5
 -5.3589E-03  2.8555E-03  2.3069E-05  0.0000E+00  0.0000E+00  3.4309E+04  0.0000E+00 -2.0000E-03   1   5
 -1.7551E-04  5.4805E-03 -2.3609E-04  0.0000E+00  0.0000E+00 -9.9753E+03  0.0000E+00 -2.0000E-03   1   5
 -3.6839E-03  4.7460E-03 -5.9151E-04  0.0000E+00  0.0000E+00  9.3499E+03  0.0000E+00 -2.0000E-03   1   5
  9.3299E-04 -4.0344E-03  5.8351E-04  0.0000E+00  0.0000E+00 -3.5468E+04  0.0000E+00 -2.0000E-03   1   5
  5.7985E-03 -3.2025E-03  2.3161E-04  0.0000E+00  0.0000E+00  4.5572E+04  0.0000E+00 -2.0000E-03   1   5
  6.1138E-03 -1.8047E-03 -2.7085E-05  0.0000E+00  0.0000E+00 -5.0710E+03  0.0000E+00 -2.0000E-03   1   5
 -1.3443E-03 -4.8383E-03 -2.9380E-04  0.0000E+00  0.0000E+00  1.4487E+04  0.0000E+00 -2.0000E-03   1   5
 -6.8017E-05  4.2401E-03 -7.0796E-04  0.0000E+00  0.0000E+00 -2.7346E+04  0.0000E+00 -2.0000E-03   1   5
 -1.9267E-03  3.3465E-03  4.9395E-04  0.0000E+00  0.0000E+00  2.6461E+04  0.0000E+00 -2.0000E-03   1   5
  1.2575E-04  3.6761E-03  1.7709E-04  0.0000E+00  0.0000E+00 -1.5157E+04  0.0000E+00 -2.0000E-03   1   5
  5.1449E-03 -3.3531E-03 -7.7514E-05  0.0000E+00  0.0000E+00  4.4697E+03  0.0000E+00 -2.0000E-03   1   5
 -3.1523E-03  5.2656E-03 -3.5573E-04  0.0000E+00  0.0000E+00 -4.7513E+04  0.0000E+00 -2.0000E-03   1   5
 -4.9333E-03  2.8440E-04 -8.8478E-04  0.0000E+00  0.0000E+00  5.4872E+04  0.0000E+00 -2.0000E-03   1   5
 -3.8138E-03  4.1713E-03  4.0390E-04  0.0000E+00  0.0000E+00 -2.6757E+03  0.0000E+00 -2.0000E-03   1   5
  4.3353E-03  2.4237E-03  1.1429E-04  0.0000E+00  0.0000E+00  1.7210E+04  0.0000E+00 -2.0000E-03   1   5
  1.1382E-03 -4.4155E-03 -1.3914E-04  0.0000E+00  0.0000E+00 -2.3949E+04  0.0000E+00 -2.0000E-03   1   5
  3.8804E-03 -2.0447E-03 -4.3821E-04  0.0000E+00  0.0000E+00  3.0133E+04  0.0000E+00 -2.0000E-03   1   5
 -4.4673E-03  3.3477E-03  8.2437E-04  0.0000E+00  0.0000E+00 -1.2520E+04  0.0000E+00 -2.0000E-03   1   5
  3.9569E-03 -1.4252E-04  3.3787E-04  0.0000E+00  0.0000E+00  6.8875E+03  0.0000E+00 -2.0000E-03   1   5
  2.6630E-03  2.5257E-03  6.3336E-05  0.0000E+00  0.0000E+00 -4.0690E+04  0.0000E+00 -2.0000E-03   1   5
  3.1357E-03 -7.0824E-04 -1.9212E-04  0.0000E+00  0.0000E+00  3.9264E+04  0.0000E+00 -2.0000E-03   1   5
  6.4847E-03  9.3952E-04 -5.1736E-04  0.0000E+00  0.0000E+00 -7.4986E+03  0.0000E+00 -2.0000E-03   1   5
 -2.3536E-03 -4.7175E-03  6.7161E-04  0.0000E+00  0.0000E+00  1.1876E+04  0.0000E+00 -2.0000E-03   1   5
 -3.8662E-03 -1.3070E-03  2.7728E-04  0.0000E+00  0.0000E+00 -3.1127E+04  0.0000E+00 -2.0000E-03   1   5
 -1.0779E-03 -3.1596E-03  1.3036E-05  0.0000E+00  0.0000E+00  2.3142E+04  0.0000E+00 -2.0000E-03   1   5
  3.4201E-03  5.1902E-03 -2.4736E-04  0.0000E+00  0.0000E+00 -1.7914E+04  0.0000E+00 -2.0000E-03   1   5
  1.7452E-03  5.5861E-03 -6.1220E-04  0.0000E+00  0.0000E+00  2.0800E+03  0.0000E+00 -2.0000E-03   1   5
 -4.7052E-03  5.0468E-04  5.6414E-04  0.0000E+00  0.0000E+00 -5.8271E+04  0.0000E+00 -2.0000E-03   1   5
 -2.2867E-03 -4.0607E-03  2.2051E-04  0.0000E+00  0.0000E+00  6.2560E+04  0.0000E+00 -2.0000E-03   1   5
  3.6949E-03 -3.2524E-03 -3.7132E-05  0.0000E+00  0.0000E+00 -1.4851E+03  0.0000E+00 -2.0000E-03   1   5
 -2.5610E-03  4.3000E-03 -3.0580E-04  0.0000E+00  0.0000E+00  1.8624E+04  0.0000E+00 -2.0000E-03   1   5
  4.1464E-03  2.0015E-03 -7.3641E-04  0.0000E+00  0.0000E+00 -2.2359E+04  0.0000E+00 -2.0000E-03   1   5
 -4.1900E-05 -5.4679E-03  4.7787E-04  0.0000E+00  0.0000E+00  3.2145E+04  0.0000E+00 -2.0000E-03   1   5
 -4.0113E-03 -4.4042E-03  1.6646E-04  0.0000E+00  0.0000E+00 -1.1238E+04  0.0000E+00 -2.0000E-03   1   5
 -4.4973E-03  2.3998E-03 -8.7678E-05  0.0000E+00  0.0000E+00  8.1120E+03  0.0000E+00 -2.0000E-03   1   5
 -6.0499E-03 -1.1260E-03 -3.6877E-04  0.0000E+00  0.0000E+00 -3.7938E+04  0.0000E+00 -2.0000E-03   1   5
 -1.6754E-03  2.4732E-03 -9.3747E-04  0.0000E+00  0.0000E+00  4.2190E+04  0.0000E+00 -2.0000E-03   1   5
 -4.7683E-03  7.4235E-03  3.9016E-04  0.0000E+00  0.0000E+00 -6.2798E+03  0.0000E+00 -2.0000E-03   1   5
 -3.1483E-03  8.3556E-04  1.0402E-04  0.0000E+00  0.0000E+00  1.3169E+04  0.0000E+00 -2.0000E-03   1   5
  4.7340E-03 -2.6348E-03 -1.4959E-04  0.0000E+00  0.0000E+00 -2.9180E+04  0.0000E+00 -2.0000E-03   1   5
 -1.4619E-03 -3.6018E-03 -4.5313E-04  0.0000E+00  0.0000E+00  2.4765E+04  0.0000E+00 -2.0000E-03   1   5
  3.9343E-03  4.3990E-03  7.8762E-04  0.0000E+00  0.0000E+00 -1.6519E+04  0.0000E+00 -2.0000E-03   1   5
  5.2529E-03  2.1556E-03  3.2538E-04  0.0000E+00  0.0000E+00  3.2723E+03  0.0000E+00 -2.0000E-03   1   5
  5.2952E-03  1.3038E-03  5.3241E-05  0.0000E+00  0.0000E+00 -5.2080E+04  0.0000E+00 -2.0000E-03   1   5
  3.2910E-03 -4.0937E-03 -2.0296E-04  0.0000E+00  0.0000E+00  4.9641E+04  0.0000E+00 -2.0000E-03   1   5
 -4.6675E-03  1.0973E-03 -5.3480E-04  0.0000E+00  0.0000E+00 -3.8703E+03  0.0000E+00 -2.0000E-03   1   5
 -2.2430E-03 -4.9789E-03  6.4767E-04  0.0000E+00  0.0000E+00  1.5832E+04  0.0000E+00 -2.0000E-03   1   5
 -1.3471E-03 -5.5951E-03  2.6566E-04  0.0000E+00  0.0000E+00 -2.5607E+04  0.0000E+00 -2.0000E-03   1   5
 -4.7473E-03 -3.3320E-03  3.0080E-06  0.0000E+00  0.0000E+00  2.8245E+04  0.0000E+00 -2.0000E-03   1   5
  4.5223E-03 -1.1987E-03 -2.5876E-04  0.0000E+00  0.0000E+00 -1.3826E+04  0.0000E+00 -2.0000E-03   1   5
 -4.2336E-03  5.9723E-03 -6.3400E-04  0.0000E+00  0.0000E+00  5.6741E+03  0.0000E+00 -2.0000E-03   1   5
 -1.1258E-03  6.3750E-03  5.4558E-04  0.0000E+00  0.0000E+00 -4.3825E+04  0.0000E+00 -2.0000E-03   1   5
  1.0196E-03  5.5351E-03  2.0951E-04  0.0000E+00  0.0000E+00  3.6664E+04  0.0000E+00 -2.0000E-03   1   5
  3.3059E-03  2.4466E-03 -4.7195E-05  0.0000E+00  0.0000E+00 -8.7296E+03  0.0000E+00 -2.0000E-03   1   5
 -4.1998E-03 -3.9926E-03 -3.1798E-04  0.0000E+00  0.0000E+00  1.0604E+04  0.0000E+00 -2.0000E-03   1   5
 -1.9957E-03 -3.0084E-03 -7.6747E-04  0.0000E+00  0.0000E+00 -3.3212E+04  0.0000E+00 -2.0000E-03   1   5
 -2.5622E-03 -3.0955E-03  4.6228E-04  0.0000E+00  0.0000E+00  2.1584E+04  0.0000E+00 -2.0000E-03   1   5
 -2.8931E-03 -3.2349E-03  1.5590E-04  0.0000E+00  0.0000E+00 -1.9349E+04  0.0000E+00 -2.0000E-03   1   5
  4.1442E-03 -4.0188E-03 -9.7879E-05  0.0000E+00  0.0000E+00  8.9085E+02  0.0000E+00 -2.0000E-03   1   5
  1.7013E-03 -5.3984E-03 -3.8206E-04  0.0000E+00  0.0000E+00 -6.8733E+04  0.0000E+00 -2.0000E-03   1   5
  5.3965E-03 -1.4685E-04  9.7490E-04  0.0000E+00  0.0000E+00  6.8704E+04  0.0000E+00 -2.0000E-03   1   5
 -4.2918E-03 -3.0792E-03  3.7671E-04  0.0000E+00  0.0000E+00 -8.9085E+02  0.0000E+00 -2.0000E-03   1   5
  3.5819E-04  3.5229E-03  9.3794E-05  0.0000E+00  0.0000E+00  1.9347E+04  0.0000E+00 -2.0000E-03   1   5
 -2.1446E-03  6.7749E-03 -1.6011E-04  0.0000E+00  0.0000E+00 -2.1587E+04  0.0000E+00 -2.0000E-03   1   5
  4.5738E-03 -2.3457E-04 -4.6846E-04  0.0000E+00  0.0000E+00  3.3206E+04  0.0000E+00 -2.0000E-03   1   5
  4.0286E-03  3.4337E-03  7.5469E-04  0.0000E+00  0.0000E+00 -1.0604E+04  0.0000E+00 -2.0000E-03   1   5
  4.1571E-03  2.5615E-03  3.1309E-04  0.0000E+00  0.0000E+00  8.7292E+03  0.0000E+00 -2.0000E-03   1   5
 -5.1377E-03  2.6838E-03  4.3168E-05  0.0000E+00  0.0000E+00 -3.6672E+04  0.0000E+00 -2.0000E-03   1   5
 -1.1248E-03 -4.7312E-03 -2.1390E-04  0.0000E+00  0.0000E+00  4.3813E+04  0.0000E+00 -2.0000E-03   1   5
  2.2332E-03 -3.6724E-03 -5.5292E-04  0.0000E+00  0.0000E+00 -5.6743E+03  0.0000E+00 -2.0000E-03   1   5
  2.4609E-03 -3.2950E-03  6.2514E-04  0.0000E+00  0.0000E+00  1.3825E+04  0.0000E+00 -2.0000E-03   1   5
 -5.8665E-03 -3.5421E-03  2.5418E-04  0.0000E+00  0.0000E+00 -2.8250E+04  0.0000E+00 -2.0000E-03   1   5
  1.7964E-03 -5.5373E-03 -7.0188E-06  0.0000E+00  0.0000E+00  2.5603E+04  0.0000E+00 -2.0000E-03   1   5
  3.7410E-03  3.5749E-03 -2.7029E-04  0.0000E+00  0.0000E+00 -1.5834E+04  0.0000E+00 -2.0000E-03   1   5
  4.9622E-03  1.9736E-03 -6.5707E-04  0.0000E+00  0.0000E+00  3.8702E+03  0.0000E+00 -2.0000E-03   1   5
  3.7133E-03  2.5315E-03  5.2775E-04  0.0000E+00  0.0000E+00 -4.9656E+04  0.0000E+00 -2.0000E-03   1   5
  7.4825E-04  7.0899E-03  1.9861E-04  0.0000E+00  0.0000E+00  5.2063E+04  0.0000E+00 -2.0000E-03   1   5
 -6.2296E-04  6.1989E-03 -5.7276E-05  0.0000E+00  0.0000E+00 -3.2723E+03  0.0000E+00 -2.0000E-03   1   5
 -8.9780E-04 -3.9162E-03 -3.3035E-04  0.0000E+00  0.0000E+00  1.6517E+04  0.0000E+00 -2.0000E-03   1   5
 -4.8826E-03  6.5039E-04 -8.0181E-04  0.0000E+00  0.0000E+00 -2.4769E+04  0.0000E+00 -2.0000E-03   1   5
 -3.4702E-04  5.4412E-03  4.4711E-04  0.0000E+00  0.0000E+00  2.9175E+04  0.0000E+00 -2.0000E-03   1   5
  2.0865E-03 -4.2114E-03  1.4540E-04  0.0000E+00  0.0000E+00 -1.3170E+04  0.0000E+00 -2.0000E-03   1   5
  1.9337E-03 -4.4068E-03 -1.0812E-04  0.0000E+00  0.0000E+00  6.2795E+03  0.0000E+00 -2.0000E-03   1   5
 -3.9149E-05 -5.1220E-03 -3.9562E-04  0.0000E+00  0.0000E+00 -4.2201E+04  0.0000E+00 -2.0000E-03   1   5
 -5.6659E-03 -2.7133E-04  9.1517E-04  0.0000E+00  0.0000E+00  3.7929E+04  0.0000E+00 -2.0000E-03   1   5
 -4.6353E-03  2.7280E-03  3.6352E-04  0.0000E+00  0.0000E+00 -8.1124E+03  0.0000E+00 -2.0000E-03   1   5
 -6.0257E-03  7.9762E-05  8.3608E-05  0.0000E+00  0.0000E+00  1.1237E+04  0.0000E+00 -2.0000E-03   1   5
 -5.8527E-03  1.2354E-03 -1.7070E-04  0.0000E+00  0.0000E+00 -3.2151E+04  0.0000E+00 -2.0000E-03   1   5
  1.6335E-03  1.7455E-03 -4.8424E-04  0.0000E+00  0.0000E+00  2.2356E+04  0.0000E+00 -2.0000E-03   1   5
  1.3857E-03 -3.0152E-03  7.2475E-04  0.0000E+00  0.0000E+00 -1.8626E+04  0.0000E+00 -2.0000E-03   1   5
  4.3481E-03 -2.6569E-03  3.0098E-04  0.0000E+00  0.0000E+00  1.4851E+03  0.0000E+00 -2.0000E-03   1   5
 -2.5660E-03  4.4444E-03  3.3112E-05  0.0000E+00  0.0000E+00 -6.2584E+04  0.0000E+00 -2.0000E-03   1   5
  3.8472E-03 -3.2797E-03 -2.2494E-04  0.0000E+00  0.0000E+00  5.8251E+04  0.0000E+00 -2.0000E-03   1   5
 -3.4632E-03 -2.5038E-03 -5.7179E-04  0.0000E+00  0.0000E+00 -2.0800E+03  0.0000E+00 -2.0000E-03   1   5
  2.0577E-03  4.9532E-03  6.0380E-04  0.0000E+00  0.0000E+00  1.7912E+04  0.0000E+00 -2.0000E-03   1   5
 -8.1617E-04  4.9190E-03  2.4284E-04  0.0000E+00  0.0000E+00 -2.3146E+04  0.0000E+00 -2.0000E-03   1   5
 -2.2272E-03  4.2633E-03 -1.7048E-05  0.0000E+00  0.0000E+00  3.1121E+04  0.0000E+00 -2.0000E-03   1   5
  4.1819E-03 -3.0373E-03 -2.8197E-04  0.0000E+00  0.0000E+00 -1.1877E+04  0.0000E+00 -2.0000E-03   1   5
  2.6579E-04  4.4071E-03 -6.8163E-04  0.0000E+00  0.0000E+00  7.4982E+03  0.0000E+00 -2.0000E-03   1   5
  1.5276E-03 -5.4561E-03  5.1056E-04  0.0000E+00  0.0000E+00 -3.9274E+04  0.0000E+00 -2.0000E-03   1   5
 -4.8762E-03 -3.5490E-03  1.8781E-04  0.0000E+00  0.0000E+00  4.0680E+04  0.0000E+00 -2.0000E-03   1   5
 -5.2778E-03 -3.5766E-03 -6.7381E-05  0.0000E+00  0.0000E+00 -6.8878E+03  0.0000E+00 -2.0000E-03   1   5
  1.5909E-03  6.2288E-03 -3.4293E-04  0.0000E+00  0.0000E+00  1.2520E+04  0.0000E+00 -2.0000E-03   1   5
 -3.4932E-03  5.6434E-03 -8.4040E-04  0.0000E+00  0.0000E+00 -3.0138E+04  0.0000E+00 -2.0000E-03   1   5
  1.8038E-03 -2.8904E-03  4.3235E-04  0.0000E+00  0.0000E+00  2.3945E+04  0.0000E+00 -2.0000E-03   1   5
 -4.6561E-03 -3.7153E-03  1.3497E-04  0.0000E+00  0.0000E+00 -1.7212E+04  0.0000E+00 -2.0000E-03   1   5
  2.5068E-03 -4.5091E-03 -1.1841E-04  0.0000E+00  0.0000E+00  2.6756E+03  0.0000E+00 -2.0000E-03   1   5
  2.7923E-03  4.9689E-03 -4.0949E-04  0.0000E+00  0.0000E+00 -5.4890E+04  0.0000E+00 -2.0000E-03   1   5
 -3.8519E-03 -1.3023E-03  4.1512E-04  0.0000E+00  0.0000E+00  4.7500E+04  0.0000E+00 -2.0000E-03   1   5
  4.4028E-03 -3.5929E-03  1.2254E-04  0.0000E+00  0.0000E+00 -4.4698E+03  0.0000E+00 -2.0000E-03   1   5
  5.0898E-03 -2.5149E-03 -1.3082E-04  0.0000E+00  0.0000E+00  1.5156E+04  0.0000E+00 -2.0000E-03   1   5
  4.8514E-03  1.6979E-03 -4.2655E-04  0.0000E+00  0.0000E+00 -2.6466E+04  0.0000E+00 -2.0000E-03   1   5
  3.7981E-03  2.6837E-03  8.5735E-04  0.0000E+00  0.0000E+00  2.7342E+04  0.0000E+00 -2.0000E-03   1   5
 -7.8669E-04 -6.0769E-03  3.4802E-04  0.0000E+00  0.0000E+00 -1.4488E+04  0.0000E+00 -2.0000E-03   1   5
 -3.9703E-04 -6.6637E-03  7.1430E-05  0.0000E+00  0.0000E+00  5.0709E+03  0.0000E+00 -2.0000E-03   1   5
 -1.9814E-03  6.4702E-03 -1.8351E-04  0.0000E+00  0.0000E+00 -4.5585E+04  0.0000E+00 -2.0000E-03   1   5
  2.6588E-03 -2.7824E-03 -5.0385E-04  0.0000E+00  0.0000E+00  3.5460E+04  0.0000E+00 -2.0000E-03   1   5
 -5.3133E-03  2.2724E-03  6.9193E-04  0.0000E+00  0.0000E+00 -9.3505E+03  0.0000E+00 -2.0000E-03   1   5
 -2.1980E-03 -4.1439E-03  2.8668E-04  0.0000E+00  0.0000E+00  9.9746E+03  0.0000E+00 -2.0000E-03   1   5
 -5.8316E-03 -3.5668E-04  2.1062E-05  0.0000E+00  0.0000E+00 -3.4316E+04  0.0000E+00 -2.0000E-03   1   5
  3.6507E-03 -1.2452E-03 -2.3833E-04  0.0000E+00  0.0000E+00  2.0825E+04  0.0000E+00 -2.0000E-03   1   5
 -5.1767E-03 -3.3623E-03 -5.9557E-04  0.0000E+00  0.0000E+00 -2.0082E+04  0.0000E+00 -2.0000E-03   1   5
  1.3872E-03 -3.5512E-03  5.7957E-04  0.0000E+00  0.0000E+00  2.9691E+02  0.0000E+00 -2.0000E-03   1   5
  5.4918E-03 -3.5609E-03  2.2938E-04  0.0000E+00  0.0000E+00 -8.0681E+04  0.0000E+00 -2.0000E-03   1   5
 -1.9970E-03 -4.4330E-03 -2.9093E-05  0.0000E+00  0.0000E+00  8.7478E+04  0.0000E+00 -2.0000E-03   1   5
  9.5279E-04  4.1397E-03 -2.9619E-04  0.0000E+00  0.0000E+00 -1.4845E+02  0.0000E+00 -2.0000E-03   1   5
  5.7653E-04 -6.1828E-03 -7.1347E-04  0.0000E+00  0.0000E+00  2.0265E+04  0.0000E+00 -2.0000E-03   1   5
 -3.9866E-03 -3.8165E-03  4.9070E-04  0.0000E+00  0.0000E+00 -2.0641E+04  0.0000E+00 -2.0000E-03   1   5
 -4.1115E-03  3.8931E-03  1.7496E-04  0.0000E+00  0.0000E+00  3.4592E+04  0.0000E+00 -2.0000E-03   1   5
 -4.6369E-03  8.1819E-05 -7.9544E-05  0.0000E+00  0.0000E+00 -9.8187E+03  0.0000E+00 -2.0000E-03   1   5
  4.9642E-03  1.9766E-03 -3.5832E-04  0.0000E+00  0.0000E+00  9.5057E+03  0.0000E+00 -2.0000E-03   1   5
  4.5633E-03 -1.3079E-03 -8.9455E-04  0.0000E+00  0.0000E+00 -3.5175E+04  0.0000E+00 -2.0000E-03   1   5
  4.7792E-03  7.8086E-04  4.0113E-04  0.0000E+00  0.0000E+00  4.6037E+04  0.0000E+00 -2.0000E-03   1   5
 -4.9885E-03 -1.7031E-03  1.1223E-04  0.0000E+00  0.0000E+00 -4.9205E+03  0.0000E+00 -2.0000E-03   1   5
 -2.1699E-03 -4.7290E-03 -1.4122E-04  0.0000E+00  0.0000E+00  1.4653E+04  0.0000E+00 -2.0000E-03   1   5
 -3.5197E-03  3.9258E-03 -4.4116E-04  0.0000E+00  0.0000E+00 -2.7124E+04  0.0000E+00 -2.0000E-03   1   5
 -2.7149E-03 -5.0650E-03  8.1666E-04  0.0000E+00  0.0000E+00  2.6679E+04  0.0000E+00 -2.0000E-03   1   5
  4.9821E-04  4.0942E-03  3.3536E-04  0.0000E+00  0.0000E+00 -1.4989E+04  0.0000E+00 -2.0000E-03   1   5
  2.6266E-03 -3.6932E-03  6.1315E-05  0.0000E+00  0.0000E+00  4.6198E+03  0.0000E+00 -2.0000E-03   1   5
  2.4254E-03 -1.5826E-04 -1.9428E-04  0.0000E+00  0.0000E+00 -4.7013E+04  0.0000E+00 -2.0000E-03   1   5
  6.3077E-03 -3.4816E-03 -5.2080E-04  0.0000E+00  0.0000E+00  5.5654E+04  0.0000E+00 -2.0000E-03   1   5
 -3.0260E-03  4.3316E-03  6.6670E-04  0.0000E+00  0.0000E+00 -2.5266E+03  0.0000E+00 -2.0000E-03   1   5
 -1.5669E-03  5.4765E-03  2.7494E-04  0.0000E+00  0.0000E+00  1.7385E+04  0.0000E+00 -2.0000E-03   1   5
  5.7283E-03  1.0482E-03  1.1030E-05  0.0000E+00  0.0000E+00 -2.3746E+04  0.0000E+00 -2.0000E-03   1   5
  5.5151E-03  1.1888E-03 -2.4963E-04  0.0000E+00  0.0000E+00  3.0377E+04  0.0000E+00 -2.0000E-03   1   5
  5.3702E-03  7.7712E-04 -6.1647E-04  0.0000E+00  0.0000E+00 -1.2359E+04  0.0000E+00 -2.0000E-03   1   5
  5.1669E-03  9.7411E-04  5.6037E-04  0.0000E+00  0.0000E+00  7.0399E+03  0.0000E+00 -2.0000E-03   1   5
 -3.4783E-03 -3.5335E-03  2.1830E-04  0.0000E+00  0.0000E+00 -4.0328E+04  0.0000E+00 -2.0000E-03   1   5
  2.9222E-03 -4.2274E-03 -3.9143E-05  0.0000E+00  0.0000E+00  3.9610E+04  0.0000E+00 -2.0000E-03   1   5
 -4.7978E-03  1.5763E-03 -3.0822E-04  0.0000E+00  0.0000E+00 -7.3456E+03  0.0000E+00 -2.0000E-03   1   5
 -4.8224E-03  1.6276E-03 -7.4239E-04  0.0000E+00  0.0000E+00  1.2036E+04  0.0000E+00 -2.0000E-03   1   5
 -3.3534E-03 -5.0316E-03  4.7472E-04  0.0000E+00  0.0000E+00 -3.0877E+04  0.0000E+00 -2.0000E-03   1   5
 -5.6761E-03 -1.8317E-03  1.6434E-04  0.0000E+00  0.0000E+00  2.3342E+04  0.0000E+00 -2.0000E-03   1   5
  3.9762E-03 -8.5929E-04 -8.9715E-05  0.0000E+00  0.0000E+00 -1.7738E+04  0.0000E+00 -2.0000E-03   1   5
  1.4255E-03 -2.6640E-03 -3.7140E-04  0.0000E+00  0.0000E+00  2.2288E+03  0.0000E+00 -2.0000E-03   1   5
  3.2791E-03 -2.2408E-04 -9.4936E-04  0.0000E+00  0.0000E+00 -5.7358E+04  0.0000E+00 -2.0000E-03   1   5
 -8.0279E-04  5.4407E-03  3.8745E-04  0.0000E+00  0.0000E+00  6.3865E+04  0.0000E+00 -2.0000E-03   1   5
 -1.3652E-03 -4.2213E-04  1.0197E-04  0.0000E+00  0.0000E+00 -1.3365E+03  0.0000E+00 -2.0000E-03   1   5
  3.9211E-03 -4.0543E-03 -1.5169E-04  0.0000E+00  0.0000E+00  1.8804E+04  0.0000E+00 -2.0000E-03   1   5
 -3.5051E-03 -1.5755E-03 -4.5616E-04  0.0000E+00  0.0000E+00 -2.2164E+04  0.0000E+00 -2.0000E-03   1   5
  2.2994E-03 -4.8465E-03  7.8076E-04  0.0000E+00  0.0000E+00  3.2406E+04  0.0000E+00 -2.0000E-03   1   5
  5.5947E-03 -1.3493E-03  3.2291E-04  0.0000E+00  0.0000E+00 -1.1079E+04  0.0000E+00 -2.0000E-03   1   5
 -3.1461E-03  2.9400E-03  5.1225E-05  0.0000E+00  0.0000E+00  8.2660E+03  0.0000E+00 -2.0000E-03   1   5
 -4.5537E-03  1.6866E-04 -2.0514E-04  0.0000E+00  0.0000E+00 -3.7616E+04  0.0000E+00 -2.0000E-03   1   5
  9.6314E-05 -5.9250E-03 -5.3837E-04  0.0000E+00  0.0000E+00  4.2584E+04  0.0000E+00 -2.0000E-03   1   5
  5.0129E-03 -2.0557E-03  6.4306E-04  0.0000E+00  0.0000E+00 -6.1282E+03  0.0000E+00 -2.0000E-03   1   5
 -3.9425E-03  1.1766E-03  2.6335E-04  0.0000E+00  0.0000E+00  1.3332E+04  0.0000E+00 -2.0000E-03   1   5
  4.7173E-03  2.3248E-03  1.0026E-06  0.0000E+00  0.0000E+00 -2.8945E+04  0.0000E+00 -2.0000E-03   1   5
  4.3581E-03  2.6991E-03 -2.6105E-04  0.0000E+00  0.0000E+00  2.4973E+04  0.0000E+00 -2.0000E-03   1   5
 -8.2039E-04 -4.1978E-03 -6.3850E-04  0.0000E+00  0.0000E+00 -1.6347E+04  0.0000E+00 -2.0000E-03   1   5
  3.9961E-03 -1.1025E-03  5.4196E-04  0.0000E+00  0.0000E+00  3.4216E+03  0.0000E+00 -2.0000E-03   1   5
  1.0574E-03  4.9272E-03  2.0732E-04  0.0000E+00  0.0000E+00 -5.1443E+04  0.0000E+00 -2.0000E-03   1   5
 -2.1309E-03 -4.7700E-03 -4.9209E-05  0.0000E+00  0.0000E+00  5.0217E+04  0.0000E+00 -2.0000E-03   1   5
 -3.8740E-03 -4.4887E-03 -3.2044E-04  0.0000E+00  0.0000E+00 -3.7207E+03  0.0000E+00 -2.0000E-03   1   5
  6.7059E-03 -3.2157E-03 -7.7405E-04  0.0000E+00  0.0000E+00  1.6003E+04  0.0000E+00 -2.0000E-03   1   5
 -9.8802E-04 -4.7710E-03  4.5921E-04  0.0000E+00  0.0000E+00 -2.5396E+04  0.0000E+00 -2.0000E-03   1   5
  6.1338E-03 -9.3286E-05  1.5379E-04  0.0000E+00  0.0000E+00  2.8475E+04  0.0000E+00 -2.0000E-03   1   5
 -4.7400E-04 -5.7529E-03 -9.9924E-05  0.0000E+00  0.0000E+00 -1.3661E+04  0.0000E+00 -2.0000E-03   1   5
 -1.9797E-03 -5.5303E-03 -3.8475E-04  0.0000E+00  0.0000E+00  5.8252E+03  0.0000E+00 -2.0000E-03   1   5
  2.3851E-03  2.5303E-03  9.6182E-04  0.0000E+00  0.0000E+00 -4.3407E+04  0.0000E+00 -2.0000E-03   1   5
 -4.3491E-03 -1.4943E-04  3.7405E-04  0.0000E+00  0.0000E+00  3.6974E+04  0.0000E+00 -2.0000E-03   1   5
  1.3165E-03 -3.8075E-03  9.1754E-05  0.0000E+00  0.0000E+00 -8.5750E+03  0.0000E+00 -2.0000E-03   1   5
  4.3925E-03  3.2781E-03 -1.6222E-04  0.0000E+00  0.0000E+00  1.0762E+04  0.0000E+00 -2.0000E-03   1   5
 -3.2166E-03  4.4313E-03 -4.7158E-04  0.0000E+00  0.0000E+00 -3.2943E+04  0.0000E+00 -2.0000E-03   1   5
  3.4264E-03  3.7310E-03  7.4849E-04  0.0000E+00  0.0000E+00  2.1775E+04  0.0000E+00 -2.0000E-03   1   5
  4.5972E-03  5.1913E-04  3.1065E-04  0.0000E+00  0.0000E+00 -1.9167E+04  0.0000E+00 -2.0000E-03   1   5
 -5.5233E-03  4.6752E-04  4.1155E-05  0.0000E+00  0.0000E+00  1.0394E+03  0.0000E+00 -2.0000E-03   1   5
 -1.4002E-03 -5.2191E-03 -2.1610E-04  0.0000E+00  0.0000E+00 -6.6924E+04  0.0000E+00 -2.0000E-03   1   5
  3.7707E-03 -2.1376E-03 -5.5663E-04  0.0000E+00  0.0000E+00  7.0796E+04  0.0000E+00 -2.0000E-03   1   5
 -8.8092E-04 -5.6889E-03  6.2078E-04  0.0000E+00  0.0000E+00 -7.4234E+02  0.0000E+00 -2.0000E-03   1   5
  3.4032E-03 -1.0004E-03  2.5190E-04  0.0000E+00  0.0000E+00  1.9529E+04  0.0000E+00 -2.0000E-03   1   5
 -2.4374E-03 -3.0040E-04 -9.0243E-06  0.0000E+00  0.0000E+00 -2.1396E+04  0.0000E+00 -2.0000E-03   1   5
 -2.3598E-03 -5.4478E-03 -2.7261E-04  0.0000E+00  0.0000E+00  3.3477E+04  0.0000E+00 -2.0000E-03   1   5
 -2.1319E-03  5.2359E-03 -6.6185E-04  0.0000E+00  0.0000E+00 -1.0447E+04  0.0000E+00 -2.0000E-03   1   5
  4.4415E-03 -2.4879E-03  5.2426E-04  0.0000E+00  0.0000E+00  8.8840E+03  0.0000E+00 -2.0000E-03   1   5
  1.6515E-04  5.7259E-03  1.9645E-04  0.0000E+00  0.0000E+00 -3.6366E+04  0.0000E+00 -2.0000E-03   1   5
  4.9313E-03  2.8735E-03 -5.9295E-05  0.0000E+00  0.0000E+00  4.4239E+04  0.0000E+00 -2.0000E-03   1   5
 -1.5820E-03 -4.3005E-03 -3.3285E-04  0.0000E+00  0.0000E+00 -5.5233E+03  0.0000E+00 -2.0000E-03   1   5
  2.3865E-03  4.6092E-03 -8.0915E-04  0.0000E+00  0.0000E+00  1.3990E+04  0.0000E+00 -2.0000E-03   1   5
 -4.9168E-03 -6.0444E-04  4.4413E-04  0.0000E+00  0.0000E+00 -2.8022E+04  0.0000E+00 -2.0000E-03   1   5
 -4.8641E-03 -1.7704E-03  1.4331E-04  0.0000E+00  0.0000E+00  2.5816E+04  0.0000E+00 -2.0000E-03   1   5
 -5.1504E-03 -1.4360E-03 -1.1017E-04  0.0000E+00  0.0000E+00 -1.5664E+04  0.0000E+00 -2.0000E-03   1   5
 -3.8244E-03  2.9217E-03 -3.9837E-04  0.0000E+00  0.0000E+00  4.0199E+03  0.0000E+00 -2.0000E-03   1   5
 -4.6100E-03 -3.9325E-03  9.0466E-04  0.0000E+00  0.0000E+00 -4.9097E+04  0.0000E+00 -2.0000E-03   1   5
  3.0638E-03 -4.6286E-03  3.6091E-04  0.0000E+00  0.0000E+00  5.2724E+04  0.0000E+00 -2.0000E-03   1   5
 -5.6921E-03 -9.4001E-04  8.1575E-05  0.0000E+00  0.0000E+00 -3.1231E+03  0.0000E+00 -2.0000E-03   1   5
 -2.0150E-03 -1.8190E-03 -1.7283E-04  0.0000E+00  0.0000E+00  1.6689E+04  0.0000E+00 -2.0000E-03   1   5
 -3.7254E-03 -3.1193E-03 -4.8746E-04  0.0000E+00  0.0000E+00 -2.4562E+04  0.0000E+00 -2.0000E-03   1   5
  2.3044E-03 -3.9838E-03  7.1906E-04  0.0000E+00  0.0000E+00  2.9412E+04  0.0000E+00 -2.0000E-03   1   5
 -2.9942E-03  2.9649E-03  2.9858E-04  0.0000E+00  0.0000E+00 -1.3007E+04  0.0000E+00 -2.0000E-03   1   5
 -1.3013E-03  4.8662E-03  3.1102E-05  0.0000E+00  0.0000E+00  6.4313E+03  0.0000E+00 -2.0000E-03   1   5
 -3.9292E-03  1.6278E-03 -2.2716E-04  0.0000E+00  0.0000E+00 -4.1813E+04  0.0000E+00 -2.0000E-03   1   5
  5.6539E-03 -4.8498E-04 -5.7566E-04  0.0000E+00  0.0000E+00  3.8256E+04  0.0000E+00 -2.0000E-03   1   5
  4.8828E-03  2.3273E-03  5.9966E-04  0.0000E+00  0.0000E+00 -7.9587E+03  0.0000E+00 -2.0000E-03   1   5
 -1.6663E-05 -5.2824E-03  2.4058E-04  0.0000E+00  0.0000E+00  1.1396E+04  0.0000E+00 -2.0000E-03   1   5
  4.3960E-03  2.2077E-03 -1.9055E-05  0.0000E+00  0.0000E+00 -3.1892E+04  0.0000E+00 -2.0000E-03   1   5
 -4.7224E-03 -2.2396E-03 -2.8432E-04  0.0000E+00  0.0000E+00  2.2551E+04  0.0000E+00 -2.0000E-03   1   5
 -4.1757E-03 -3.9209E-03 -6.8675E-04  0.0000E+00  0.0000E+00 -1.8447E+04  0.0000E+00 -2.0000E-03   1   5
 -3.2468E-03 -5.4350E-03  5.0719E-04  0.0000E+00  0.0000E+00  1.6338E+03  0.0000E+00 -2.0000E-03   1   5
 -4.6628E-03  5.0893E-03  1.8566E-04  0.0000E+00  0.0000E+00 -6.1386E+04  0.0000E+00 -2.0000E-03   1   5
  1.9844E-03 -2.9166E-03 -6.9405E-05  0.0000E+00  0.0000E+00  5.9220E+04  0.0000E+00 -2.0000E-03   1   5
 -1.6802E-03 -3.9222E-03 -3.4547E-04  0.0000E+00  0.0000E+00 -1.9312E+03  0.0000E+00 -2.0000E-03   1   5
 -3.5807E-03 -3.5506E-03 -8.4876E-04  0.0000E+00  0.0000E+00  1.8089E+04  0.0000E+00 -2.0000E-03   1   5
  3.5764E-03  1.8172E-03  4.2945E-04  0.0000E+00  0.0000E+00 -2.2947E+04  0.0000E+00 -2.0000E-03   1   5
 -1.4206E-03 -4.7186E-03  1.3290E-04  0.0000E+00  0.0000E+00  3.1374E+04  0.0000E+00 -2.0000E-03   1   5
 -1.0768E-03  3.8594E-03 -1.2047E-04  0.0000E+00  0.0000E+00 -1.1716E+04  0.0000E+00 -2.0000E-03   1   5
  6.1450E-03 -1.8463E-03 -4.1230E-04  0.0000E+00  0.0000E+00  7.6514E+03  0.0000E+00 -2.0000E-03   1   5
 -2.8214E-03 -3.3899E-03  4.1230E-04  0.0000E+00  0.0000E+00 -3.8933E+04  0.0000E+00 -2.0000E-03   1   5
 -1.8821E-03  3.6486E-03  1.2047E-04  0.0000E+00  0.0000E+00  4.1048E+04  0.0000E+00 -2.0000E-03   1   5
  5.6713E-03 -9.8929E-04 -1.3290E-04  0.0000E+00  0.0000E+00 -6.7355E+03  0.0000E+00 -2.0000E-03   1   5
 -4.1344E-03  8.2473E-04 -4.2945E-04  0.0000E+00  0.0000E+00  1.2681E+04  0.0000E+00 -2.0000E-03   1   5
 -4.5497E-03 -2.5201E-03  8.4876E-04  0.0000E+00  0.0000E+00 -2.9896E+04  0.0000E+00 -2.0000E-03   1   5
 -2.6685E-03  6.3382E-03  3.4547E-04  0.0000E+00  0.0000E+00  2.4148E+04  0.0000E+00 -2.0000E-03   1   5
 -1.5667E-03  6.0781E-03  6.9405E-05  0.0000E+00  0.0000E+00 -1.7038E+04  0.0000E+00 -2.0000E-03   1   5
  1.4489E-03  5.7188E-03 -1.8566E-04  0.0000E+00  0.0000E+00  2.8247E+03  0.0000E+00 -2.0000E-03   1   5
 -3.3555E-04  5.6945E-03 -5.0719E-04  0.0000E+00  0.0000E+00 -5.4143E+04  0.0000E+00 -2.0000E-03   1   5
  2.0218E-03 -3.8992E-03  6.8675E-04  0.0000E+00  0.0000E+00  4.8013E+04  0.0000E+00 -2.0000E-03   1   5
  5.6719E-04  5.1262E-03  2.8432E-04  0.0000E+00  0.0000E+00 -4.3198E+03  0.0000E+00 -2.0000E-03   1   5
 -5.6269E-03 -1.1148E-03  1.9055E-05  0.0000E+00  0.0000E+00  1.5324E+04  0.0000E+00 -2.0000E-03   1   5
 -3.0751E-03  4.4133E-03 -2.4058E-04  0.0000E+00  0.0000E+00 -2.6249E+04  0.0000E+00 -2.0000E-03   1   5
 -8.3025E-05 -5.1861E-03 -5.9966E-04  0.0000E+00  0.0000E+00  2.7565E+04  0.0000E+00 -2.0000E-03   1   5
 -6.3201E-03  1.3673E-03  5.7566E-04  0.0000E+00  0.0000E+00 -1.4322E+04  0.0000E+00 -2.0000E-03   1   5
 -2.8423E-03 -7.7497E-05  2.2716E-04  0.0000E+00  0.0000E+00  5.2215E+03  0.0000E+00 -2.0000E-03   1   5
  3.8248E-03 -5.4647E-03 -3.1102E-05  0.0000E+00  0.0000E+00 -4.5130E+04  0.0000E+00 -2.0000E-03   1   5
 -3.2467E-03  9.4632E-04 -2.9858E-04  0.0000E+00  0.0000E+00  3.5756E+04  0.0000E+00 -2.0000E-03   1   5
  4.5555E-03 -1.2894E-03 -7.1906E-04  0.0000E+00  0.0000E+00 -9.1949E+03  0.0000E+00 -2.0000E-03   1   5
  5.6577E-03  1.5904E-03  4.8746E-04  0.0000E+00  0.0000E+00  1.0131E+04  0.0000E+00 -2.0000E-03   1   5
 -4.4396E-03  1.1537E-04  1.7283E-04  0.0000E+00  0.0000E+00 -3.4036E+04  0.0000E+00 -2.0000E-03   1   5
 -1.8095E-03 -3.8426E-03 -8.1575E-05  0.0000E+00  0.0000E+00  2.1014E+04  0.0000E+00 -2.0000E-03   1   5
 -4.1069E-03  3.0263E-03 -3.6091E-04  0.0000E+00  0.0000E+00 -1.9898E+04  0.0000E+00 -2.0000E-03   1   5
  5.0284E-03  1.2361E-04 -9.0466E-04  0.0000E+00  0.0000E+00  4.4538E+02  0.0000E+00 -2.0000E-03   1   5
 -3.5423E-03 -3.5936E-03  3.9837E-04  0.0000E+00  0.0000E+00 -7.6447E+04  0.0000E+00 -2.0000E-03   1   5
 -5.4825E-04  4.8485E-03  1.1017E-04  0.0000E+00  0.0000E+00  7.6411E+04  0.0000E+00 -2.0000E-03   1   5
 -5.3883E-03 -9.4726E-04 -1.4331E-04  0.0000E+00  0.0000E+00 -4.4538E+02  0.0000E+00 -2.0000E-03   1   5
 -4.9832E-03 -2.9489E-03 -4.4413E-04  0.0000E+00  0.0000E+00  1.9896E+04  0.0000E+00 -2.0000E-03   1   5
 -4.6603E-03 -3.9520E-03  8.0915E-04  0.0000E+00  0.0000E+00 -2.1016E+04  0.0000E+00 -2.0000E-03   1   5
  4.9123E-04 -5.8751E-03  3.3285E-04  0.0000E+00  0.0000E+00  3.4029E+04  0.0000E+00 -2.0000E-03   1   5
 -6.0044E-03 -3.2087E-03  5.9295E-05  0.0000E+00  0.0000E+00 -1.0132E+04  0.0000E+00 -2.0000E-03   1   5
 -5.7596E-03  4.9350E-03 -1.9645E-04  0.0000E+00  0.0000E+00  9.1944E+03  0.0000E+00 -2.0000E-03   1   5
 -2.8875E-03  3.9149E-04 -5.2426E-04  0.0000E+00  0.0000E+00 -3.5764E+04  0.0000E+00 -2.0000E-03   1   5
  5.9470E-04 -4.0123E-03  6.6185E-04  0.0000E+00  0.0000E+00  4.5118E+04  0.0000E+00 -2.0000E-03   1   5
 -2.6428E-03  3.9882E-03  2.7261E-04  0.0000E+00  0.0000E+00 -5.2216E+03  0.0000E+00 -2.0000E-03   1   5
 -1.1245E-03 -4.1596E-03  9.0243E-06  0.0000E+00  0.0000E+00  1.4321E+04  0.0000E+00 -2.0000E-03   1   5
  4.3431E-03 -3.1464E-03 -2.5190E-04  0.0000E+00  0.0000E+00 -2.7570E+04  0.0000E+00 -2.0000E-03   1   5
 -4.9770E-04  4.9380E-03 -6.2078E-04  0.0000E+00  0.0000E+00  2.6245E+04  0.0000E+00 -2.0000E-03   1   5
 -1.7763E-03  4.3799E-03  5.5663E-04  0.0000E+00  0.0000E+00 -1.5326E+04  0.0000E+00 -2.0000E-03   1   5
  4.1102E-03  2.7190E-03  2.1610E-04  0.0000E+00  0.0000E+00  4.3197E+03  0.0000E+00 -2.0000E-03   1   5
 -4.9227E-03 -1.3205E-03 -4.1155E-05  0.0000E+00  0.0000E+00 -4.8027E+04  0.0000E+00 -2.0000E-03   1   5
  2.8263E-03 -4.8546E-03 -3.1065E-04  0.0000E+00  0.0000E+00  5.4126E+04  0.0000E+00 -2.0000E-03   1   5
  4.4070E-03 -2.8785E-03 -7.4849E-04  0.0000E+00  0.0000E+00 -2.8247E+03  0.0000E+00 -2.0000E-03   1   5
  3.3457E-03  1.6501E-03  4.7158E-04  0.0000E+00  0.0000E+00  1.7036E+04  0.0000E+00 -2.0000E-03   1   5
 -4.7979E-03 -8.4770E-04  1.6222E-04  0.0000E+00  0.0000E+00 -2.4152E+04  0.0000E+00 -2.0000E-03   1   5
  4.0547E-03  9.6218E-06 -9.1754E-05  0.0000E+00  0.0000E+00  2.9890E+04  0.0000E+00 -2.0000E-03   1   5
 -5.9934E-03  1.3420E-03 -3.7405E-04  0.0000E+00  0.0000E+00 -1.2682E+04  0.0000E+00 -2.0000E-03   1   5
  2.8408E-03  3.4408E-03 -9.6182E-04  0.0000E+00  0.0000E+00  6.7352E+03  0.0000E+00 -2.0000E-03   1   5
 -1.3794E-03 -4.5668E-03  3.8475E-04  0.0000E+00  0.0000E+00 -4.1058E+04  0.0000E+00 -2.0000E-03   1   5
  6.5903E-03 -1.6966E-03  9.9924E-05  0.0000E+00  0.0000E+00  3.8923E+04  0.0000E+00 -2.0000E-03   1   5
 -1.2035E-03  4.2986E-03 -1.5379E-04  0.0000E+00  0.0000E+00 -7.6517E+03  0.0000E+00 -2.0000E-03   1   5
  4.4011E-03 -3.9034E-03 -4.5921E-04  0.0000E+00  0.0000E+00  1.1716E+04  0.0000E+00 -2.0000E-03   1   5
 -1.4627E-03  4.0648E-03  7.7405E-04  0.0000E+00  0.0000E+00 -3.1380E+04  0.0000E+00 -2.0000E-03   1   5
 -5.7119E-04  4.2588E-03  3.2044E-04  0.0000E+00  0.0000E+00  2.2944E+04  0.0000E+00 -2.0000E-03   1   5
 -4.4757E-03 -1.5635E-03  4.9209E-05  0.0000E+00  0.0000E+00 -1.8091E+04  0.0000E+00 -2.0000E-03   1   5
  5.3073E-03 -1.3833E-03 -2.0732E-04  0.0000E+00  0.0000E+00  1.9312E+03  0.0000E+00 -2.0000E-03   1   5
  5.0690E-03 -2.6335E-03 -5.4196E-04  0.0000E+00  0.0000E+00 -5.9241E+04  0.0000E+00 -2.0000E-03   1   5
  1.4730E-03  6.5759E-03  6.3850E-04  0.0000E+00  0.0000E+00  6.1363E+04  0.0000E+00 -2.0000E-03   1   5
  2.9029E-03  5.1800E-03  2.6105E-04  0.0000E+00  0.0000E+00 -1.6338E+03  0.0000E+00 -2.0000E-03   1   5
  3.9730E-03 -1.7419E-03 -1.0026E-06  0.0000E+00  0.0000E+00  1.8445E+04  0.0000E+00 -2.0000E-03   1   5
  1.6443E-03 -3.9217E-03 -2.6335E-04  0.0000E+00  0.0000E+00 -2.2554E+04  0.0000E+00 -2.0000E-03   1   5
 -6.3556E-04  5.4012E-03 -6.4306E-04  0.0000E+00  0.0000E+00  3.1885E+04  0.0000E+00 -2.0000E-03   1   5
  8.3929E-04  4.9217E-03  5.3837E-04  0.0000E+00  0.0000E+00 -1.1397E+04  0.0000E+00 -2.0000E-03   1   5
 -4.7681E-03 -3.3130E-03  2.0514E-04  0.0000E+00  0.0000E+00  7.9583E+03  0.0000E+00 -2.0000E-03   1   5
  1.1767E-05  4.6303E-03 -5.1225E-05  0.0000E+00  0.0000E+00 -3.8265E+04  0.0000E+00 -2.0000E-03   1   5
 -4.9358E-03 -4.3005E-03 -3.2291E-04  0.0000E+00  0.0000E+00  4.1803E+04  0.0000E+00 -2.0000E-03   1   5
  8.9965E-04  4.2873E-03 -7.8076E-04  0.0000E+00  0.0000E+00 -6.4315E+03  0.0000E+00 -2.0000E-03   1   5
 -3.5667E-03 -1.7075E-03  4.5616E-04  0.0000E+00  0.0000E+00  1.3006E+04  0.0000E+00 -2.0000E-03   1   5
  6.0521E-03 -9.9517E-04  1.5169E-04  0.0000E+00  0.0000E+00 -2.9417E+04  0.0000E+00 -2.0000E-03   1   5
 -3.3546E-03 -4.4873E-03 -1.0197E-04  0.0000E+00  0.0000E+00  2.4558E+04  0.0000E+00 -2.0000E-03   1   5
 -1.8201E-03  6.0808E-03 -3.8745E-04  0.0000E+00  0.0000E+00 -1.6691E+04  0.0000E+00 -2.0000E-03   1   5
 -4.2385E-03 -5.2547E-04  9.4936E-04  0.0000E+00  0.0000E+00  3.1230E+03  0.0000E+00 -2.0000E-03   1   5
 -3.8377E-03 -1.9468E-03  3.7140E-04  0.0000E+00  0.0000E+00 -5.2741E+04  0.0000E+00 -2.0000E-03   1   5
  4.9715E-03 -7.2726E-04  8.9715E-05  0.0000E+00  0.0000E+00  4.9082E+04  0.0000E+00 -2.0000E-03   1   5
 -1.9074E-03  5.0056E-03 -1.6434E-04  0.0000E+00  0.0000E+00 -4.0200E+03  0.0000E+00 -2.0000E-03   1   5
  4.7739E-03  1.0860E-03 -4.7472E-04  0.0000E+00  0.0000E+00  1.5663E+04  0.0000E+00 -2.0000E-03   1   5
  6.0403E-04  4.9088E-03  7.4239E-04  0.0000E+00  0.0000E+00 -2.5820E+04  0.0000E+00 -2.0000E-03   1   5
 -5.3989E-03 -9.4169E-04  3.0822E-04  0.0000E+00  0.0000E+00  2.8017E+04  0.0000E+00 -2.0000E-03   1   5
  2.0259E-03  3.8337E-03  3.9143E-05  0.0000E+00  0.0000E+00 -1.3991E+04  0.0000E+00 -2.0000E-03   1   5
 -5.2830E-03  1.6183E-03 -2.1830E-04  0.0000E+00  0.0000E+00  5.5231E+03  0.0000E+00 -2.0000E-03   1   5
 -5.3305E-03 -3.4552E-03 -5.6037E-04  0.0000E+00  0.0000E+00 -4.4251E+04  0.0000E+00 -2.0000E-03   1   5
  3.0911E-03 -3.5307E-03  6.1647E-04  0.0000E+00  0.0000E+00  3.6358E+04  0.0000E+00 -2.0000E-03   1   5
 -6.1587E-03  7.4846E-04  2.4963E-04  0.0000E+00  0.0000E+00 -8.8845E+03  0.0000E+00 -2.0000E-03   1   5
  3.1527E-03 -3.1683E-03 -1.1030E-05  0.0000E+00  0.0000E+00  1.0446E+04  0.0000E+00 -2.0000E-03   1   5
  4.0402E-03 -3.0585E-03 -2.7494E-04  0.0000E+00  0.0000E+00 -3.3484E+04  0.0000E+00 -2.0000E-03   1   5
 -3.6948E-03 -7.7032E-04 -6.6670E-04  0.0000E+00  0.0000E+00  2.1393E+04  0.0000E+00 -2.0000E-03   1   5
  8.9622E-04 -4.4136E-03  5.2080E-04  0.0000E+00  0.0000E+00 -1.9531E+04  0.0000E+00 -2.0000E-03   1   5
 -2.9518E-03 -3.1265E-03  1.9428E-04  0.0000E+00  0.0000E+00  7.4234E+02  0.0000E+00 -2.0000E-03   1   5
 -2.5450E-03 -3.8328E-03 -6.1315E-05  0.0000E+00  0.0000E+00 -7.0827E+04  0.0000E+00 -2.0000E-03   1   5
 -2.6631E-04  4.9439E-03 -3.3536E-04  0.0000E+00  0.0000E+00  6.6896E+04  0.0000E+00 -2.0000E-03   1   5
 -4.8423E-03  1.6352E-04 -8.1666E-04  0.0000E+00  0.0000E+00 -1.0394E+03  0.0000E+00 -2.0000E-03   1   5
  1.4663E-03 -5.2011E-03  4.4116E-04  0.0000E+00  0.0000E+00  1.9165E+04  0.0000E+00 -2.0000E-03   1   5
 -4.4213E-03  1.9590E-03  1.4122E-04  0.0000E+00  0.0000E+00 -2.1778E+04  0.0000E+00 -2.0000E-03   1   5
  3.5247E-03 -4.1210E-03 -1.1223E-04  0.0000E+00  0.0000E+00  3.2937E+04  0.0000E+00 -2.0000E-03   1   5
  4.3051E-03  2.5413E-04 -4.0113E-04  0.0000E+00  0.0000E+00 -1.0762E+04  0.0000E+00 -2.0000E-03   1   5
 -1.8163E-03 -6.7590E-03  8.9455E-04  0.0000E+00  0.0000E+00  8.5745E+03  0.0000E+00 -2.0000E-03   1   5
 -5.3118E-03  3.8176E-03  3.5832E-04  0.0000E+00  0.0000E+00 -3.6983E+04  0.0000E+00 -2.0000E-03   1   5
 -3.9059E-03  5.2306E-03  7.9544E-05  0.0000E+00  0.0000E+00  4.3396E+04  0.0000E+00 -2.0000E-03   1   5
 -6.2515E-03  1.8674E-03 -1.7496E-04  0.0000E+00  0.0000E+00 -5.8254E+03  0.0000E+00 -2.0000E-03   1   5
 -6.9167E-03  7.2617E-04 -4.9070E-04  0.0000E+00  0.0000E+00  1.3660E+04  0.0000E+00 -2.0000E-03   1   5
  6.4071E-03  2.3302E-03  7.1347E-04  0.0000E+00  0.0000E+00 -2.8480E+04  0.0000E+00 -2.0000E-03   1   5
  4.2272E-03  4.2211E-03  2.9619E-04  0.0000E+00  0.0000E+00  2.5392E+04  0.0000E+00 -2.0000E-03   1   5
 -1.6433E-04 -4.8956E-03  2.9093E-05  0.0000E+00  0.0000E+00 -1.6004E+04  0.0000E+00 -2.0000E-03   1   5
  4.6584E-03  2.9482E-03 -2.2938E-04  0.0000E+00  0.0000E+00  3.7206E+03  0.0000E+00 -2.0000E-03   1   5
 -4.3655E-03 -9.0708E-04 -5.7957E-04  0.0000E+00  0.0000E+00 -5.0232E+04  0.0000E+00 -2.0000E-03   1   5
  4.2208E-03  2.6119E-03  5.9557E-04  0.0000E+00  0.0000E+00  5.1426E+04  0.0000E+00 -2.0000E-03   1   5
  4.9427E-03  8.9033E-04  2.3833E-04  0.0000E+00  0.0000E+00 -3.4217E+03  0.0000E+00 -2.0000E-03   1   5
  4.7903E-03  5.3934E-04 -2.1062E-05  0.0000E+00  0.0000E+00  1.6345E+04  0.0000E+00 -2.0000E-03   1   5
 -4.3462E-03 -4.4955E-03 -2.8668E-04  0.0000E+00  0.0000E+00 -2.4976E+04  0.0000E+00 -2.0000E-03   1   5
 -4.8673E-03 -1.3615E-04 -6.9193E-04  0.0000E+00  0.0000E+00  2.8940E+04  0.0000E+00 -2.0000E-03   1   5
  4.6730E-03  1.4617E-03  5.0385E-04  0.0000E+00  0.0000E+00 -1.3333E+04  0.0000E+00 -2.0000E-03   1   5
  4.5270E-03  8.2646E-04  1.8351E-04  0.0000E+00  0.0000E+00  6.1279E+03  0.0000E+00 -2.0000E-03   1   5
 -2.4457E-03 -4.1138E-03 -7.1430E-05  0.0000E+00  0.0000E+00 -4.2595E+04  0.0000E+00 -2.0000E-03   1   5
  2.3478E-04 -4.5454E-03 -3.4802E-04  0.0000E+00  0.0000E+00  3.7607E+04  0.0000E+00 -2.0000E-03   1   5
  3.8984E-03  6.7461E-04 -8.5735E-04  0.0000E+00  0.0000E+00 -8.2664E+03  0.0000E+00 -2.0000E-03   1   5
 -4.6729E-03 -3.8222E-03  4.2655E-04  0.0000E+00  0.0000E+00  1.1078E+04  0.0000E+00 -2.0000E-03   1   5
  2.8389E-03 -1.5936E-03  1.3082E-04  0.0000E+00  0.0000E+00 -3.2413E+04  0.0000E+00 -2.0000E-03   1   5
  2.7209E-03 -5.3640E-03 -1.2254E-04  0.0000E+00  0.0000E+00  2.2161E+04  0.0000E+00 -2.0000E-03   1   5
 -5.8945E-04  3.9479E-03 -4.1512E-04  0.0000E+00  0.0000E+00 -1.8806E+04  0.0000E+00 -2.0000E-03   1   5
  6.0071E-03 -1.1595E-03  4.0949E-04  0.0000E+00  0.0000E+00  1.3365E+03  0.0000E+00 -2.0000E-03   1   5
 -1.0773E-03 -5.9561E-03  1.1841E-04  0.0000E+00  0.0000E+00 -6.3889E+04  0.0000E+00 -2.0000E-03   1   5
  4.0235E-03 -5.7699E-03 -1.3497E-04  0.0000E+00  0.0000E+00  5.7338E+04  0.0000E+00 -2.0000E-03   1   5
 -4.5743E-04 -3.4137E-03 -4.3235E-04  0.0000E+00  0.0000E+00 -2.2288E+03  0.0000E+00 -2.0000E-03   1   5
 -4.4586E-03  2.6741E-03  8.4040E-04  0.0000E+00  0.0000E+00  1.7736E+04  0.0000E+00 -2.0000E-03   1   5
 -2.0981E-03  5.2510E-03  3.4293E-04  0.0000E+00  0.0000E+00 -2.3345E+04  0.0000E+00 -2.0000E-03   1   5
  4.9257E-03 -1.8610E-04  6.7381E-05  0.0000E+00  0.0000E+00  3.0871E+04  0.0000E+00 -2.0000E-03   1   5
 -3.9657E-03  3.5773E-03 -1.8781E-04  0.0000E+00  0.0000E+00 -1.2037E+04  0.0000E+00 -2.0000E-03   1   5
  1.2974E-03 -4.6062E-03 -5.1056E-04  0.0000E+00  0.0000E+00  7.3453E+03  0.0000E+00 -2.0000E-03   1   5
 -3.3575E-03  4.0218E-03  6.8163E-04  0.0000E+00  0.0000E+00 -3.9620E+04  0.0000E+00 -2.0000E-03   1   5
 -3.1079E-03 -4.6225E-03  2.8197E-04  0.0000E+00  0.0000E+00  4.0318E+04  0.0000E+00 -2.0000E-03   1   5
  1.0165E-03  4.1661E-03  1.7048E-05  0.0000E+00  0.0000E+00 -7.0402E+03  0.0000E+00 -2.0000E-03   1   5
  3.9078E-03 -8.9480E-04 -2.4284E-04  0.0000E+00  0.0000E+00  1.2358E+04  0.0000E+00 -2.0000E-03   1   5
 -6.3749E-03 -3.9019E-04 -6.0380E-04  0.0000E+00  0.0000E+00 -3.0382E+04  0.0000E+00 -2.0000E-03   1   5
 -6.2711E-03 -4.0221E-03  5.7179E-04  0.0000E+00  0.0000E+00  2.3743E+04  0.0000E+00 -2.0000E-03   1   5
  2.3349E-03  2.6704E-03  2.2494E-04  0.0000E+00  0.0000E+00 -1.7387E+04  0.0000E+00 -2.0000E-03   1   5
