  5.0000E-03  0.0000E+00  0.0000E+00  0.0000E+00  0.0000E+00  3.4736E+06  0.0000E+00 -2.0000E-03   1   5
  5.0000E-03  0.0000E+00  5.0000E-04  0.0000E+00  0.0000E+00  0.0000E+00  0.0000E+00 -2.0000E-03   1   3
  5.0000E-03  0.0000E+00  1.0000E-03  0.0000E+00  0.0000E+00  0.0000E+00  0.0000E+00 -2.0000E-03   1   3
  5.0000E-03  0.0000E+00  1.5000E-03  0.0000E+00  0.0000E+00  0.0000E+00  0.0000E+00 -2.0000E-03   1   3
  0.0000E+00  5.0000E-03 -5.0000E-04  0.0000E+00  0.0000E+00  0.0000E+00  0.0000E+00 -2.0000E-03   1   3
  0.0000E+00  5.0000E-03 -1.0000E-03  0.0000E+00  0.0000E+00  0.0000E+00  0.0000E+00 -2.0000E-03   1   3
  0.0000E+00  5.0000E-03 -1.5000E-03  0.0000E+00  0.0000E+00  0.0000E+00  0.0000E+00 -2.0000E-03   1   3
  6.1271E-03  1.4593E-03  8.4162E-04  0.0000E+00  0.0000E+00 -1.7316E-04  0.0000E+00 -2.0000E-03   1   5
 -2.6474E-03  5.0636E-03  2.5335E-04  0.0000E+00  0.0000E+00  2.0451E+04  0.0000E+00 -2.0000E-03   1   5
 -3.7200E-03 -1.2393E-03 -2.5335E-04  0.0000E+00  0.0000E+00 -2.0454E+04  0.0000E+00 -2.0000E-03   1   5
  4.8347E-03  3.3159E-03 -8.4162E-04  0.0000E+00  0.0000E+00  3.4878E+04  0.0000E+00 -2.0000E-03   1   5
 -3.4228E-03  3.6557E-03  1.7507E-03  0.0000E+00  0.0000E+00 -9.6623E+03  0.0000E+00 -2.0000E-03   1   5
 -4.6417E-03 -7.1962E-04  7.0630E-04  0.0000E+00  0.0000E+00  9.6618E+03  0.0000E+00 -2.0000E-03   1   5
  3.1036E-03 -4.1918E-03  1.5097E-04  0.0000E+00  0.0000E+00 -3.4886E+04  0.0000E+00 -2.0000E-03   1   5
 -3.3225E-03  3.2465E-03 -3.5846E-04  0.0000E+00  0.0000E+00  4.6512E+04  0.0000E+00 -2.0000E-03   1   5
  1.0545E-03  4.1217E-03 -9.9446E-04  0.0000E+00  0.0000E+00 -4.7702E+03  0.0000E+00 -2.0000E-03   1   5
 -4.7209E-03 -3.1696E-03  1.4051E-03  0.0000E+00  0.0000E+00  1.4820E+04  0.0000E+00 -2.0000E-03   1   5
 -7.1013E-04 -6.5118E-03  5.8284E-04  0.0000E+00  0.0000E+00 -2.6903E+04  0.0000E+00 -2.0000E-03   1   5
  3.3881E-03 -5.3956E-03  5.0154E-05  0.0000E+00  0.0000E+00  2.6899E+04  0.0000E+00 -2.0000E-03   1   5
  4.0805E-03  1.8677E-03 -4.6770E-04  0.0000E+00  0.0000E+00 -1.4822E+04  0.0000E+00 -2.0000E-03   1   5
 -4.8934E-03  4.7973E-03 -1.1750E-03  0.0000E+00  0.0000E+00  4.7700E+03  0.0000E+00 -2.0000E-03   1   5
 -5.0864E-03  4.2118E-03  1.1750E-03  0.0000E+00  0.0000E+00 -4.6526E+04  0.0000E+00 -2.0000E-03   1   5
 -2.2216E-03 -3.8134E-03  4.6770E-04  0.0000E+00  0.0000E+00  5.6474E+04  0.0000E+00 -2.0000E-03   1   5
  3.1534E-03 -4.1427E-03 -5.0154E-05  0.0000E+00  0.0000E+00 -2.3777E+03  0.0000E+00 -2.0000E-03   1   5
 -3.3206E-03 -1.8184E-03 -5.8284E-04  0.0000E+00  0.0000E+00  1.7560E+04  0.0000E+00 -2.0000E-03   1   5
  4.8910E-03 -2.8588E-03 -1.4051E-03  0.0000E+00  0.0000E+00 -2.3545E+04  0.0000E+00 -2.0000E-03   1   5
  3.2413E-03  4.1310E-03  9.9446E-04  0.0000E+00  0.0000E+00  3.0623E+04  0.0000E+00 -2.0000E-03   1   5
  9.5596E-04 -5.4454E-03  3.5846E-04  0.0000E+00  0.0000E+00 -1.2198E+04  0.0000E+00 -2.0000E-03   1   5
 -1.8726E-03  3.6755E-03 -1.5097E-04  0.0000E+00  0.0000E+00  7.1925E+03  0.0000E+00 -2.0000E-03   1   5
  5.0130E-03  4.6649E-04 -7.0630E-04  0.0000E+00  0.0000E+00 -3.9971E+04  0.0000E+00 -2.0000E-03   1   5
  2.0127E-03  3.0763E-03 -1.7507E-03  0.0000E+00  0.0000E+00  3.9961E+04  0.0000E+00 -2.0000E-03   1   5
  4.9310E-03 -1.1236E-03  8.1338E-04  0.0000E+00  0.0000E+00 -7.1928E+03  0.0000E+00 -2.0000E-03   1   5
  8.8584E-04  8.3031E-03  2.3269E-04  0.0000E+00  0.0000E+00  1.2197E+04  0.0000E+00 -2.0000E-03   1   5
  9.3257E-04  6.8987E-03 -2.7411E-04  0.0000E+00  0.0000E+00 -3.0629E+04  0.0000E+00 -2.0000E-03   1   5
 -2.4849E-03 -3.0355E-03 -8.7055E-04  0.0000E+00  0.0000E+00  2.3542E+04  0.0000E+00 -2.0000E-03   1   5
 -5.3299E-03  1.3585E-04  1.6646E-03  0.0000E+00  0.0000E+00 -1.7562E+04  0.0000E+00 -2.0000E-03   1   5
 -5.5370E-03  1.0587E-03  6.8080E-04  0.0000E+00  0.0000E+00  2.3777E+03  0.0000E+00 -2.0000E-03   1   5
 -1.4868E-03  5.3326E-03  1.3072E-04  0.0000E+00  0.0000E+00 -5.6493E+04  0.0000E+00 -2.0000E-03   1   5
 -4.8407E-03  3.1821E-03 -3.7993E-04  0.0000E+00  0.0000E+00  6.5299E+04  0.0000E+00 -2.0000E-03   1   5
  3.6701E-03 -1.3379E-03 -1.0279E-03  0.0000E+00  0.0000E+00 -1.1879E+03  0.0000E+00 -2.0000E-03   1   5
  6.6524E-03  8.9134E-04  1.3532E-03  0.0000E+00  0.0000E+00  1.8984E+04  0.0000E+00 -2.0000E-03   1   5
  3.7526E-03 -5.0622E-03  5.5924E-04  0.0000E+00  0.0000E+00 -2.1971E+04  0.0000E+00 -2.0000E-03   1   5
  5.6359E-04 -6.1546E-03  3.0084E-05  0.0000E+00  0.0000E+00  3.2670E+04  0.0000E+00 -2.0000E-03   1   5
 -2.3901E-03 -5.5559E-03 -4.9019E-04  0.0000E+00  0.0000E+00 -1.0921E+04  0.0000E+00 -2.0000E-03   1   5
  1.1977E-03 -7.2246E-03 -1.2160E-03  0.0000E+00  0.0000E+00  8.4202E+03  0.0000E+00 -2.0000E-03   1   5
  1.6387E-04  8.1487E-03  1.1359E-03  0.0000E+00  0.0000E+00 -3.7297E+04  0.0000E+00 -2.0000E-03   1   5
  3.0755E-03 -2.1694E-03  4.4544E-04  0.0000E+00  0.0000E+00  4.2986E+04  0.0000E+00 -2.0000E-03   1   5
  5.6485E-04 -3.5613E-03 -7.0243E-05  0.0000E+00  0.0000E+00 -5.9767E+03  0.0000E+00 -2.0000E-03   1   5
  1.5127E-03 -3.7602E-03 -6.0678E-04  0.0000E+00  0.0000E+00  1.3496E+04  0.0000E+00 -2.0000E-03   1   5
  1.4854E-03 -4.0736E-03 -1.4611E-03  0.0000E+00  0.0000E+00 -2.8712E+04  0.0000E+00 -2.0000E-03   1   5
 -4.1064E-03 -2.7257E-03  9.6210E-04  0.0000E+00  0.0000E+00  2.5182E+04  0.0000E+00 -2.0000E-03   1   5
  3.7442E-03  3.0221E-03  3.3716E-04  0.0000E+00  0.0000E+00 -1.6175E+04  0.0000E+00 -2.0000E-03   1   5
  4.4105E-03  1.0743E-03 -1.7128E-04  0.0000E+00  0.0000E+00  3.5711E+03  0.0000E+00 -2.0000E-03   1   5
 -4.0276E-03  3.0902E-03 -7.3228E-04  0.0000E+00  0.0000E+00 -5.0827E+04  0.0000E+00 -2.0000E-03   1   5
 -5.5435E-03  4.7528E-04 -1.8522E-03  0.0000E+00  0.0000E+00  5.0812E+04  0.0000E+00 -2.0000E-03   1   5
 -4.2965E-03  2.4910E-03  7.8577E-04  0.0000E+00  0.0000E+00 -3.5712E+03  0.0000E+00 -2.0000E-03   1   5
 -5.7879E-03 -3.6804E-03  2.1214E-04  0.0000E+00  0.0000E+00  1.6174E+04  0.0000E+00 -2.0000E-03   1   5
 -6.0344E-04 -6.7625E-03 -2.9499E-04  0.0000E+00  0.0000E+00 -2.5185E+04  0.0000E+00 -2.0000E-03   1   5
 -3.8859E-03  2.8081E-03 -9.0023E-04  0.0000E+00  0.0000E+00  2.8707E+04  0.0000E+00 -2.0000E-03   1   5
 -4.0435E-03  2.9349E-03  1.5893E-03  0.0000E+00  0.0000E+00 -1.3497E+04  0.0000E+00 -2.0000E-03   1   5
  3.3773E-03  5.5891E-03  6.5573E-04  0.0000E+00  0.0000E+00  5.9765E+03  0.0000E+00 -2.0000E-03   1   5
 -2.0040E-03 -3.3275E-03  1.1052E-04  0.0000E+00  0.0000E+00 -4.2997E+04  0.0000E+00 -2.0000E-03   1   5
  4.9805E-03  2.6212E-03 -4.0157E-04  0.0000E+00  0.0000E+00  3.7289E+04  0.0000E+00 -2.0000E-03   1   5
  2.6144E-03 -4.0642E-03 -1.0625E-03  0.0000E+00  0.0000E+00 -8.4206E+03  0.0000E+00 -2.0000E-03   1   5
  6.9024E-04  5.0261E-03  1.3047E-03  0.0000E+00  0.0000E+00  1.0920E+04  0.0000E+00 -2.0000E-03   1   5
  4.5421E-03  1.9318E-03  5.3594E-04  0.0000E+00  0.0000E+00 -3.2677E+04  0.0000E+00 -2.0000E-03   1   5
 -1.9443E-03 -5.1713E-03  1.0027E-05  0.0000E+00  0.0000E+00  2.1968E+04  0.0000E+00 -2.0000E-03   1   5
 -1.5330E-04  4.1435E-03 -5.1293E-04  0.0000E+00  0.0000E+00 -1.8986E+04  0.0000E+00 -2.0000E-03   1   5
 -3.1784E-03 -5.3160E-03 -1.2591E-03  0.0000E+00  0.0000E+00  1.1879E+03  0.0000E+00 -2.0000E-03   1   5
 -5.4023E-03 -2.2031E-03  1.0985E-03  0.0000E+00  0.0000E+00 -6.5325E+04  0.0000E+00 -2.0000E-03   1   5
 -2.3051E-03 -7.1092E-03  4.2340E-04  0.0000E+00  0.0000E+00  7.3291E+04  0.0000E+00 -2.0000E-03   1   5
 -1.7267E-03 -2.0687E-03 -9.0361E-05  0.0000E+00  0.0000E+00 -5.9385E+02  0.0000E+00 -2.0000E-03   1   5
 -3.7191E-04  6.8366E-03 -6.3106E-04  0.0000E+00  0.0000E+00  1.9712E+04  0.0000E+00 -2.0000E-03   1   5
 -5.7121E-03  3.5998E-03 -1.5220E-03  0.0000E+00  0.0000E+00 -2.1206E+04  0.0000E+00 -2.0000E-03   1   5
 -1.1539E-03  5.1023E-03  9.3072E-04  0.0000E+00  0.0000E+00  3.3752E+04  0.0000E+00 -2.0000E-03   1   5
 -6.4228E-04 -4.0597E-03  3.1600E-04  0.0000E+00  0.0000E+00 -1.0289E+04  0.0000E+00 -2.0000E-03   1   5
  4.2294E-03  4.0005E-03 -1.9167E-04  0.0000E+00  0.0000E+00  9.0391E+03  0.0000E+00 -2.0000E-03   1   5
  4.1796E-03  3.5824E-03 -7.5875E-04  0.0000E+00  0.0000E+00 -3.6063E+04  0.0000E+00 -2.0000E-03   1   5
 -1.7895E-03  4.1838E-03 -1.9774E-03  0.0000E+00  0.0000E+00  4.4674E+04  0.0000E+00 -2.0000E-03   1   5
 -1.5157E-04 -5.5297E-03  1.9774E-03  0.0000E+00  0.0000E+00 -5.3724E+03  0.0000E+00 -2.0000E-03   1   5
  4.7586E-03 -3.0553E-03  7.5875E-04  0.0000E+00  0.0000E+00  1.4155E+04  0.0000E+00 -2.0000E-03   1   5
 -5.4416E-05 -6.2523E-03  1.9167E-04  0.0000E+00  0.0000E+00 -2.7795E+04  0.0000E+00 -2.0000E-03   1   5
 -9.2353E-04  3.1775E-03 -3.1600E-04  0.0000E+00  0.0000E+00  2.6030E+04  0.0000E+00 -2.0000E-03   1   5
 -6.8292E-05 -7.5068E-03 -9.3072E-04  0.0000E+00  0.0000E+00 -1.5495E+04  0.0000E+00 -2.0000E-03   1   5
 -4.3997E-03  5.4124E-03  1.5220E-03  0.0000E+00  0.0000E+00  4.1697E+03  0.0000E+00 -2.0000E-03   1   5
 -4.5436E-03  4.4827E-03  6.3106E-04  0.0000E+00  0.0000E+00 -4.8554E+04  0.0000E+00 -2.0000E-03   1   5
  3.7335E-03  4.0792E-03  9.0361E-05  0.0000E+00  0.0000E+00  5.3410E+04  0.0000E+00 -2.0000E-03   1   5
 -4.8745E-03 -1.6169E-03 -4.2340E-04  0.0000E+00  0.0000E+00 -2.9739E+03  0.0000E+00 -2.0000E-03   1   5
  2.3243E-03 -3.3470E-03 -1.0985E-03  0.0000E+00  0.0000E+00  1.6862E+04  0.0000E+00 -2.0000E-03   1   5
 -5.0113E-03  3.2121E-03  1.2591E-03  0.0000E+00  0.0000E+00 -2.4356E+04  0.0000E+00 -2.0000E-03   1   5
  3.6940E-03  5.9627E-04  5.1293E-04  0.0000E+00  0.0000E+00  2.9650E+04  0.0000E+00 -2.0000E-03   1   5
  1.7245E-03  4.7183E-03 -1.0027E-05  0.0000E+00  0.0000E+00 -1.2845E+04  0.0000E+00 -2.0000E-03   1   5
 -2.4461E-03 -4.1328E-03 -5.3594E-04  0.0000E+00  0.0000E+00  6.5832E+03  0.0000E+00 -2.0000E-03   1   5
  4.4171E-03  2.5713E-03 -1.3047E-03  0.0000E+00  0.0000E+00 -4.1433E+04  0.0000E+00 -2.0000E-03   1   5
  5.3152E-03 -3.0818E-03  1.0625E-03  0.0000E+00  0.0000E+00  3.8587E+04  0.0000E+00 -2.0000E-03   1   5
  4.7132E-03  9.1703E-04  4.0157E-04  0.0000E+00  0.0000E+00 -7.8051E+03  0.0000E+00 -2.0000E-03   1   5
 -1.9697E-03 -7.0211E-03 -1.1052E-04  0.0000E+00  0.0000E+00  1.1556E+04  0.0000E+00 -2.0000E-03   1   5
 -2.7318E-03 -1.4131E-03 -6.5573E-04  0.0000E+00  0.0000E+00 -3.1635E+04  0.0000E+00 -2.0000E-03   1   5
 -3.1333E-03  5.5597E-03 -1.5893E-03  0.0000E+00  0.0000E+00  2.2747E+04  0.0000E+00 -2.0000E-03   1   5
 -1.9048E-04 -3.7075E-03  9.0023E-04  0.0000E+00  0.0000E+00 -1.8269E+04  0.0000E+00 -2.0000E-03   1   5
 -2.0574E-03  5.5051E-03  2.9499E-04  0.0000E+00  0.0000E+00  1.7825E+03  0.0000E+00 -2.0000E-03   1   5
 -5.0599E-03  1.7601E-03 -2.1214E-04  0.0000E+00  0.0000E+00 -6.0276E+04  0.0000E+00 -2.0000E-03   1   5
  1.8326E-03 -4.2340E-03 -7.8577E-04  0.0000E+00  0.0000E+00  6.0254E+04  0.0000E+00 -2.0000E-03   1   5
  2.1091E-04 -4.9680E-03  1.8522E-03  0.0000E+00  0.0000E+00 -1.7825E+03  0.0000E+00 -2.0000E-03   1   5
  4.4146E-03 -4.0864E-04  7.3228E-04  0.0000E+00  0.0000E+00  1.8267E+04  0.0000E+00 -2.0000E-03   1   5
 -5.6369E-03 -1.6558E-03  1.7128E-04  0.0000E+00  0.0000E+00 -2.2750E+04  0.0000E+00 -2.0000E-03   1   5
 -5.7047E-03 -2.5124E-03 -3.3716E-04  0.0000E+00  0.0000E+00  3.1629E+04  0.0000E+00 -2.0000E-03   1   5
 -4.3230E-03  2.6621E-03 -9.6210E-04  0.0000E+00  0.0000E+00 -1.1557E+04  0.0000E+00 -2.0000E-03   1   5
  2.4167E-04 -6.6521E-03  1.4611E-03  0.0000E+00  0.0000E+00  7.8047E+03  0.0000E+00 -2.0000E-03   1   5
  4.1420E-03 -6.6421E-03  6.0678E-04  0.0000E+00  0.0000E+00 -3.8596E+04  0.0000E+00 -2.0000E-03   1   5
  5.5690E-03  4.0577E-03  7.0243E-05  0.0000E+00  0.0000E+00  4.1422E+04  0.0000E+00 -2.0000E-03   1   5
  3.7202E-03  5.6685E-03 -4.4544E-04  0.0000E+00  0.0000E+00 -6.5834E+03  0.0000E+00 -2.0000E-03   1   5
  1.0786E-03 -3.7093E-03 -1.1359E-03  0.0000E+00  0.0000E+00  1.2844E+04  0.0000E+00 -2.0000E-03   1   5
  4.7522E-03 -1.5094E-03  1.2160E-03  0.0000E+00  0.0000E+00 -2.9655E+04  0.0000E+00 -2.0000E-03   1   5
  5.0048E-03  2.0779E-03  4.9019E-04  0.0000E+00  0.0000E+00  2.4353E+04  0.0000E+00 -2.0000E-03   1   5
  1.3815E-03  5.0973E-03 -3.0084E-05  0.0000E+00  0.0000E+00 -1.6864E+04  0.0000E+00 -2.0000E-03   1   5
 -1.9111E-04 -5.0291E-03 -5.5924E-04  0.0000E+00  0.0000E+00  2.9738E+03  0.0000E+00 -2.0000E-03   1   5
  1.2229E-03 -5.1484E-03 -1.3532E-03  0.0000E+00  0.0000E+00 -5.3428E+04  0.0000E+00 -2.0000E-03   1   5
  4.1668E-03 -3.0516E-03  1.0279E-03  0.0000E+00  0.0000E+00  4.8540E+04  0.0000E+00 -2.0000E-03   1   5
  2.3384E-03 -5.1947E-03  3.7993E-04  0.0000E+00  0.0000E+00 -4.1699E+03  0.0000E+00 -2.0000E-03   1   5
  2.4171E-03  2.7413E-03 -1.3072E-04  0.0000E+00  0.0000E+00  1.5493E+04  0.0000E+00 -2.0000E-03   1   5
  2.5917E-03 -5.7225E-03 -6.8080E-04  0.0000E+00  0.0000E+00 -2.6034E+04  0.0000E+00 -2.0000E-03   1   5
  4.1244E-03 -1.7579E-03 -1.6646E-03  0.0000E+00  0.0000E+00  2.7790E+04  0.0000E+00 -2.0000E-03   1   5
 -2.1094E-03 -2.4484E-03  8.7055E-04  0.0000E+00  0.0000E+00 -1.4156E+04  0.0000E+00 -2.0000E-03   1   5
  3.6245E-03  2.3596E-03  2.7411E-04  0.0000E+00  0.0000E+00  5.3722E+03  0.0000E+00 -2.0000E-03   1   5
 -2.6795E-03  3.9993E-03 -2.3269E-04  0.0000E+00  0.0000E+00 -4.4686E+04  0.0000E+00 -2.0000E-03   1   5
  5.3024E-03 -1.7552E-03 -8.1338E-04  0.0000E+00  0.0000E+00  3.6055E+04  0.0000E+00 -2.0000E-03   1   5
  4.9914E-03  3.2662E-03  8.3592E-04  0.0000E+00  0.0000E+00 -9.0396E+03  0.0000E+00 -2.0000E-03   1   5
 -3.3649E-03 -2.7730E-03  2.4921E-04  0.0000E+00  0.0000E+00  1.0289E+04  0.0000E+00 -2.0000E-03   1   5
  5.4713E-03 -4.0719E-04 -2.5749E-04  0.0000E+00  0.0000E+00 -3.3759E+04  0.0000E+00 -2.0000E-03   1   5
 -4.6130E-03 -9.1876E-04 -8.4735E-04  0.0000E+00  0.0000E+00  2.1203E+04  0.0000E+00 -2.0000E-03   1   5
  2.5337E-04 -5.6542E-03  1.7324E-03  0.0000E+00  0.0000E+00 -1.9714E+04  0.0000E+00 -2.0000E-03   1   5
 -2.8243E-03 -5.0314E-03  7.0117E-04  0.0000E+00  0.0000E+00  5.9385E+02  0.0000E+00 -2.0000E-03   1   5
 -2.1834E-03  3.1060E-03  1.4691E-04  0.0000E+00  0.0000E+00 -7.3324E+04  0.0000E+00 -2.0000E-03   1   5
  3.3192E-04  3.0639E-03 -3.6274E-04  0.0000E+00  0.0000E+00  8.0642E+04  0.0000E+00 -2.0000E-03   1   5
 -2.8325E-03  1.2848E-03 -1.0011E-03  0.0000E+00  0.0000E+00 -2.9691E+02  0.0000E+00 -2.0000E-03   1   5
 -5.1859E-03  1.1405E-03  1.3944E-03  0.0000E+00  0.0000E+00  2.0080E+04  0.0000E+00 -2.0000E-03   1   5
  4.5389E-03  1.5364E-03  5.7809E-04  0.0000E+00  0.0000E+00 -2.0828E+04  0.0000E+00 -2.0000E-03   1   5
 -4.1480E-03 -2.3311E-03  4.6138E-05  0.0000E+00  0.0000E+00  3.4309E+04  0.0000E+00 -2.0000E-03   1   5
  3.7395E-03 -1.3292E-03 -4.7218E-04  0.0000E+00  0.0000E+00 -9.9753E+03  0.0000E+00 -2.0000E-03   1   5
 -2.2631E-03  5.3455E-03 -1.1830E-03  0.0000E+00  0.0000E+00  9.3499E+03  0.0000E+00 -2.0000E-03   1   5
 -6.2910E-03  1.0565E-03  1.1670E-03  0.0000E+00  0.0000E+00 -3.5468E+04  0.0000E+00 -2.0000E-03   1   5
  4.8317E-03 -3.7489E-03  4.6323E-04  0.0000E+00  0.0000E+00  4.5572E+04  0.0000E+00 -2.0000E-03   1   5
 -3.9779E-03 -3.3469E-04 -5.4170E-05  0.0000E+00  0.0000E+00 -5.0710E+03  0.0000E+00 -2.0000E-03   1   5
  4.6030E-03 -3.9161E-03 -5.8760E-04  0.0000E+00  0.0000E+00  1.4487E+04  0.0000E+00 -2.0000E-03   1   5
  5.0177E-03 -3.3982E-03 -1.4159E-03  0.0000E+00  0.0000E+00 -2.7346E+04  0.0000E+00 -2.0000E-03   1   5
 -1.4509E-03 -6.0358E-03  9.8790E-04  0.0000E+00  0.0000E+00  2.6461E+04  0.0000E+00 -2.0000E-03   1   5
 -2.9881E-03  1.7565E-03  3.5419E-04  0.0000E+00  0.0000E+00 -1.5157E+04  0.0000E+00 -2.0000E-03   1   5
  4.9694E-03 -1.5672E-03 -1.5503E-04  0.0000E+00  0.0000E+00  4.4697E+03  0.0000E+00 -2.0000E-03   1   5
 -1.3612E-03  7.0474E-03 -7.1146E-04  0.0000E+00  0.0000E+00 -4.7513E+04  0.0000E+00 -2.0000E-03   1   5
 -4.9960E-03  1.5200E-03 -1.7696E-03  0.0000E+00  0.0000E+00  5.4872E+04  0.0000E+00 -2.0000E-03   1   5
 -1.2692E-03 -3.6995E-03  8.0781E-04  0.0000E+00  0.0000E+00 -2.6757E+03  0.0000E+00 -2.0000E-03   1   5
  6.6363E-04  5.7256E-03  2.2857E-04  0.0000E+00  0.0000E+00  1.7210E+04  0.0000E+00 -2.0000E-03   1   5
  3.3485E-03 -2.8892E-03 -2.7828E-04  0.0000E+00  0.0000E+00 -2.3949E+04  0.0000E+00 -2.0000E-03   1   5
  1.5315E-03 -4.3933E-03 -8.7642E-04  0.0000E+00  0.0000E+00  3.0133E+04  0.0000E+00 -2.0000E-03   1   5
 -4.2323E-03 -3.5479E-03  1.6487E-03  0.0000E+00  0.0000E+00 -1.2520E+04  0.0000E+00 -2.0000E-03   1   5
  3.2355E-03  2.5838E-03  6.7575E-04  0.0000E+00  0.0000E+00  6.8875E+03  0.0000E+00 -2.0000E-03   1   5
  3.7353E-03 -2.2917E-03  1.2667E-04  0.0000E+00  0.0000E+00 -4.0690E+04  0.0000E+00 -2.0000E-03   1   5
  4.7545E-04 -5.6826E-03 -3.8424E-04  0.0000E+00  0.0000E+00  3.9264E+04  0.0000E+00 -2.0000E-03   1   5
  5.3832E-04 -6.3826E-03 -1.0347E-03  0.0000E+00  0.0000E+00 -7.4986E+03  0.0000E+00 -2.0000E-03   1   5
  1.0223E-03 -7.0226E-03  1.3432E-03  0.0000E+00  0.0000E+00  1.1876E+04  0.0000E+00 -2.0000E-03   1   5
 -3.1210E-05  1.5399E-03  5.5455E-04  0.0000E+00  0.0000E+00 -3.1127E+04  0.0000E+00 -2.0000E-03   1   5
  6.7711E-04  7.2021E-03  2.6072E-05  0.0000E+00  0.0000E+00  2.3142E+04  0.0000E+00 -2.0000E-03   1   5
 -3.5708E-03  4.5160E-03 -4.9472E-04  0.0000E+00  0.0000E+00 -1.7914E+04  0.0000E+00 -2.0000E-03   1   5
  1.4932E-03 -3.7313E-03 -1.2244E-03  0.0000E+00  0.0000E+00  2.0800E+03  0.0000E+00 -2.0000E-03   1   5
 -4.7406E-03  1.3969E-03  1.1283E-03  0.0000E+00  0.0000E+00 -5.8271E+04  0.0000E+00 -2.0000E-03   1   5
 -3.0628E-03 -3.4029E-03  4.4102E-04  0.0000E+00  0.0000E+00  6.2560E+04  0.0000E+00 -2.0000E-03   1   5
  3.4042E-03  3.8263E-03 -7.4264E-05  0.0000E+00  0.0000E+00 -1.4851E+03  0.0000E+00 -2.0000E-03   1   5
 -4.2247E-03 -2.9694E-03 -6.1160E-04  0.0000E+00  0.0000E+00  1.8624E+04  0.0000E+00 -2.0000E-03   1   5
 -4.0783E-04 -5.4137E-03 -1.4728E-03  0.0000E+00  0.0000E+00 -2.2359E+04  0.0000E+00 -2.0000E-03   1   5
 -1.8735E-03 -5.4897E-03  9.5575E-04  0.0000E+00  0.0000E+00  3.2145E+04  0.0000E+00 -2.0000E-03   1   5
 -2.2154E-04  3.9180E-03  3.3291E-04  0.0000E+00  0.0000E+00 -1.1238E+04  0.0000E+00 -2.0000E-03   1   5
 -4.6526E-03  1.4631E-03 -1.7536E-04  0.0000E+00  0.0000E+00  8.1120E+03  0.0000E+00 -2.0000E-03   1   5
 -5.1621E-03  3.5104E-04 -7.3753E-04  0.0000E+00  0.0000E+00 -3.7938E+04  0.0000E+00 -2.0000E-03   1   5
 -5.8891E-04 -8.7568E-03 -1.8749E-03  0.0000E+00  0.0000E+00  4.2190E+04  0.0000E+00 -2.0000E-03   1   5
 -2.3698E-03  6.3075E-05  7.8032E-04  0.0000E+00  0.0000E+00 -6.2798E+03  0.0000E+00 -2.0000E-03   1   5
  6.3612E-03  2.2612E-03  2.0804E-04  0.0000E+00  0.0000E+00  1.3169E+04  0.0000E+00 -2.0000E-03   1   5
  5.9884E-03  1.6509E-03 -2.9918E-04  0.0000E+00  0.0000E+00 -2.9180E+04  0.0000E+00 -2.0000E-03   1   5
  4.6510E-03 -2.0504E-03 -9.0626E-04  0.0000E+00  0.0000E+00  2.4765E+04  0.0000E+00 -2.0000E-03   1   5
  3.0781E-03 -3.5922E-03  1.5752E-03  0.0000E+00  0.0000E+00 -1.6519E+04  0.0000E+00 -2.0000E-03   1   5
 -1.4794E-03 -4.1703E-03  6.5076E-04  0.0000E+00  0.0000E+00  3.2723E+03  0.0000E+00 -2.0000E-03   1   5
 -4.5780E-03 -7.9819E-04  1.0648E-04  0.0000E+00  0.0000E+00 -5.2080E+04  0.0000E+00 -2.0000E-03   1   5
 -1.4570E-03 -4.8590E-03 -4.0592E-04  0.0000E+00  0.0000E+00  4.9641E+04  0.0000E+00 -2.0000E-03   1   5
 -1.5708E-03  4.2703E-03 -1.0696E-03  0.0000E+00  0.0000E+00 -3.8703E+03  0.0000E+00 -2.0000E-03   1   5
 -3.7880E-03 -4.0304E-03  1.2953E-03  0.0000E+00  0.0000E+00  1.5832E+04  0.0000E+00 -2.0000E-03   1   5
 -2.9316E-03  3.0285E-03  5.3132E-04  0.0000E+00  0.0000E+00 -2.5607E+04  0.0000E+00 -2.0000E-03   1   5
 -3.2621E-04 -6.5322E-03  6.0159E-06  0.0000E+00  0.0000E+00  2.8245E+04  0.0000E+00 -2.0000E-03   1   5
 -1.7536E-03  2.6563E-03 -5.1751E-04  0.0000E+00  0.0000E+00 -1.3826E+04  0.0000E+00 -2.0000E-03   1   5
  4.2065E-03  2.0035E-03 -1.2680E-03  0.0000E+00  0.0000E+00  5.6741E+03  0.0000E+00 -2.0000E-03   1   5
 -4.5993E-03  5.1146E-03  1.0912E-03  0.0000E+00  0.0000E+00 -4.3825E+04  0.0000E+00 -2.0000E-03   1   5
  3.8989E-03  3.1883E-03  4.1902E-04  0.0000E+00  0.0000E+00  3.6664E+04  0.0000E+00 -2.0000E-03   1   5
 -4.8014E-03  4.3660E-03 -9.4389E-05  0.0000E+00  0.0000E+00 -8.7296E+03  0.0000E+00 -2.0000E-03   1   5
  2.3879E-03 -2.4418E-03 -6.3596E-04  0.0000E+00  0.0000E+00  1.0604E+04  0.0000E+00 -2.0000E-03   1   5
 -2.0795E-03 -3.2419E-03 -1.5349E-03  0.0000E+00  0.0000E+00 -3.3212E+04  0.0000E+00 -2.0000E-03   1   5
  2.9072E-03  4.7322E-03  9.2455E-04  0.0000E+00  0.0000E+00  2.1584E+04  0.0000E+00 -2.0000E-03   1   5
  1.4327E-03 -5.1234E-03  3.1179E-04  0.0000E+00  0.0000E+00 -1.9349E+04  0.0000E+00 -2.0000E-03   1   5
  1.7970E-03 -5.3180E-03 -1.9576E-04  0.0000E+00  0.0000E+00  8.9085E+02  0.0000E+00 -2.0000E-03   1   5
 -4.1837E-03 -2.6545E-03 -7.6411E-04  0.0000E+00  0.0000E+00 -6.8733E+04  0.0000E+00 -2.0000E-03   1   5
 -4.6699E-03 -9.2092E-04  1.9498E-03  0.0000E+00  0.0000E+00  6.8704E+04  0.0000E+00 -2.0000E-03   1   5
  5.0083E-03 -2.9682E-03  7.5342E-04  0.0000E+00  0.0000E+00 -8.9085E+02  0.0000E+00 -2.0000E-03   1   5
 -4.6429E-03 -6.0869E-04  1.8759E-04  0.0000E+00  0.0000E+00  1.9347E+04  0.0000E+00 -2.0000E-03   1   5
 -3.9311E-03  2.6164E-04 -3.2022E-04  0.0000E+00  0.0000E+00 -2.1587E+04  0.0000E+00 -2.0000E-03   1   5
 -2.7153E-03  6.2966E-03 -9.3692E-04  0.0000E+00  0.0000E+00  3.3206E+04  0.0000E+00 -2.0000E-03   1   5
 -4.3988E-03  4.2323E-03  1.5094E-03  0.0000E+00  0.0000E+00 -1.0604E+04  0.0000E+00 -2.0000E-03   1   5
  4.5868E-03  3.2797E-04  6.2618E-04  0.0000E+00  0.0000E+00  8.7292E+03  0.0000E+00 -2.0000E-03   1   5
  4.0419E-04 -4.2175E-03  8.6335E-05  0.0000E+00  0.0000E+00 -3.6672E+04  0.0000E+00 -2.0000E-03   1   5
 -5.6327E-03  6.3544E-04 -4.2780E-04  0.0000E+00  0.0000E+00  4.3813E+04  0.0000E+00 -2.0000E-03   1   5
  3.0895E-03 -3.0240E-03 -1.1058E-03  0.0000E+00  0.0000E+00 -5.6743E+03  0.0000E+00 -2.0000E-03   1   5
  3.8930E-03 -9.0404E-04  1.2503E-03  0.0000E+00  0.0000E+00  1.3825E+04  0.0000E+00 -2.0000E-03   1   5
  2.5690E-03  2.3765E-03  5.0836E-04  0.0000E+00  0.0000E+00 -2.8250E+04  0.0000E+00 -2.0000E-03   1   5
 -3.5466E-03 -2.0357E-03 -1.4038E-05  0.0000E+00  0.0000E+00  2.5603E+04  0.0000E+00 -2.0000E-03   1   5
  3.5121E-03 -5.4654E-03 -5.4058E-04  0.0000E+00  0.0000E+00 -1.5834E+04  0.0000E+00 -2.0000E-03   1   5
  5.1736E-03  7.1757E-04 -1.3141E-03  0.0000E+00  0.0000E+00  3.8702E+03  0.0000E+00 -2.0000E-03   1   5
  3.8999E-03 -6.0180E-03  1.0555E-03  0.0000E+00  0.0000E+00 -4.9656E+04  0.0000E+00 -2.0000E-03   1   5
  5.0732E-03  1.2482E-03  3.9723E-04  0.0000E+00  0.0000E+00  5.2063E+04  0.0000E+00 -2.0000E-03   1   5
 -4.6777E-03  1.7646E-03 -1.1455E-04  0.0000E+00  0.0000E+00 -3.2723E+03  0.0000E+00 -2.0000E-03   1   5
  3.6882E-03  5.0021E-03 -6.6071E-04  0.0000E+00  0.0000E+00  1.6517E+04  0.0000E+00 -2.0000E-03   1   5
 -2.9434E-03 -2.9597E-03 -1.6036E-03  0.0000E+00  0.0000E+00 -2.4769E+04  0.0000E+00 -2.0000E-03   1   5
 -4.7128E-03  2.4101E-03  8.9423E-04  0.0000E+00  0.0000E+00  2.9175E+04  0.0000E+00 -2.0000E-03   1   5
  2.5575E-03  4.5828E-03  2.9081E-04  0.0000E+00  0.0000E+00 -1.3170E+04  0.0000E+00 -2.0000E-03   1   5
  4.6364E-03 -9.9099E-04 -2.1624E-04  0.0000E+00  0.0000E+00  6.2795E+03  0.0000E+00 -2.0000E-03   1   5
  2.7788E-03  3.6711E-03 -7.9125E-04  0.0000E+00  0.0000E+00 -4.2201E+04  0.0000E+00 -2.0000E-03   1   5
 -5.4881E-03 -1.7129E-04  1.8303E-03  0.0000E+00  0.0000E+00  3.7929E+04  0.0000E+00 -2.0000E-03   1   5
  3.8660E-05  4.1203E-03  7.2704E-04  0.0000E+00  0.0000E+00 -8.1124E+03  0.0000E+00 -2.0000E-03   1   5
 -1.8697E-03 -6.0865E-03  1.6722E-04  0.0000E+00  0.0000E+00  1.1237E+04  0.0000E+00 -2.0000E-03   1   5
  3.8603E-03 -8.4061E-04 -3.4140E-04  0.0000E+00  0.0000E+00 -3.2151E+04  0.0000E+00 -2.0000E-03   1   5
 -5.3732E-03 -5.6115E-03 -9.6849E-04  0.0000E+00  0.0000E+00  2.2356E+04  0.0000E+00 -2.0000E-03   1   5
 -2.6189E-03 -1.7782E-04  1.4495E-03  0.0000E+00  0.0000E+00 -1.8626E+04  0.0000E+00 -2.0000E-03   1   5
 -2.8445E-03 -1.3483E-03  6.0196E-04  0.0000E+00  0.0000E+00  1.4851E+03  0.0000E+00 -2.0000E-03   1   5
 -2.4056E-03 -2.5037E-03  6.6223E-05  0.0000E+00  0.0000E+00 -6.2584E+04  0.0000E+00 -2.0000E-03   1   5
 -7.5721E-04 -3.8304E-03 -4.4988E-04  0.0000E+00  0.0000E+00  5.8251E+04  0.0000E+00 -2.0000E-03   1   5
  1.6650E-03 -4.1944E-03 -1.1436E-03  0.0000E+00  0.0000E+00 -2.0800E+03  0.0000E+00 -2.0000E-03   1   5
  4.4655E-03 -2.4362E-03  1.2076E-03  0.0000E+00  0.0000E+00  1.7912E+04  0.0000E+00 -2.0000E-03   1   5
  3.2896E-03  3.9804E-03  4.8567E-04  0.0000E+00  0.0000E+00 -2.3146E+04  0.0000E+00 -2.0000E-03   1   5
 -4.8565E-03  5.4871E-04 -3.4097E-05  0.0000E+00  0.0000E+00  3.1121E+04  0.0000E+00 -2.0000E-03   1   5
  9.9152E-04  4.3590E-03 -5.6393E-04  0.0000E+00  0.0000E+00 -1.1877E+04  0.0000E+00 -2.0000E-03   1   5
 -3.3047E-03 -4.7299E-03 -1.3633E-03  0.0000E+00  0.0000E+00  7.4982E+03  0.0000E+00 -2.0000E-03   1   5
 -5.1935E-03 -2.0111E-03  1.0211E-03  0.0000E+00  0.0000E+00 -3.9274E+04  0.0000E+00 -2.0000E-03   1   5
 -5.3495E-03 -2.2083E-03  3.7562E-04  0.0000E+00  0.0000E+00  4.0680E+04  0.0000E+00 -2.0000E-03   1   5
  4.4909E-03 -2.3181E-03 -1.3476E-04  0.0000E+00  0.0000E+00 -6.8878E+03  0.0000E+00 -2.0000E-03   1   5
  1.0345E-03  7.5253E-03 -6.8586E-04  0.0000E+00  0.0000E+00  1.2520E+04  0.0000E+00 -2.0000E-03   1   5
 -1.9070E-03 -3.0205E-03 -1.6808E-03  0.0000E+00  0.0000E+00 -3.0138E+04  0.0000E+00 -2.0000E-03   1   5
 -4.1547E-03 -2.6014E-03  8.6471E-04  0.0000E+00  0.0000E+00  2.3945E+04  0.0000E+00 -2.0000E-03   1   5
  2.6003E-03 -1.6700E-03  2.6995E-04  0.0000E+00  0.0000E+00 -1.7212E+04  0.0000E+00 -2.0000E-03   1   5
 -5.8953E-04  5.2792E-03 -2.3682E-04  0.0000E+00  0.0000E+00  2.6756E+03  0.0000E+00 -2.0000E-03   1   5
  3.0699E-03 -4.1960E-03 -8.1898E-04  0.0000E+00  0.0000E+00 -5.4890E+04  0.0000E+00 -2.0000E-03   1   5
 -4.2468E-03  5.4014E-04  8.3025E-04  0.0000E+00  0.0000E+00  4.7500E+04  0.0000E+00 -2.0000E-03   1   5
  8.7791E-04 -5.2492E-03  2.4507E-04  0.0000E+00  0.0000E+00 -4.4698E+03  0.0000E+00 -2.0000E-03   1   5
 -3.9870E-03  1.7857E-03 -2.6164E-04  0.0000E+00  0.0000E+00  1.5156E+04  0.0000E+00 -2.0000E-03   1   5
  2.1007E-03 -5.5508E-03 -8.5311E-04  0.0000E+00  0.0000E+00 -2.6466E+04  0.0000E+00 -2.0000E-03   1   5
  5.1657E-03 -7.9425E-04  1.7147E-03  0.0000E+00  0.0000E+00  2.7342E+04  0.0000E+00 -2.0000E-03   1   5
  2.5445E-03 -6.0818E-03  6.9605E-04  0.0000E+00  0.0000E+00 -1.4488E+04  0.0000E+00 -2.0000E-03   1   5
 -1.5167E-03  2.2618E-03  1.4286E-04  0.0000E+00  0.0000E+00  5.0709E+03  0.0000E+00 -2.0000E-03   1   5
 -4.5710E-03  5.0300E-03 -3.6703E-04  0.0000E+00  0.0000E+00 -4.5585E+04  0.0000E+00 -2.0000E-03   1   5
 -5.0126E-03  2.5705E-04 -1.0077E-03  0.0000E+00  0.0000E+00  3.5460E+04  0.0000E+00 -2.0000E-03   1   5
 -2.5180E-03 -3.2036E-03  1.3839E-03  0.0000E+00  0.0000E+00 -9.3505E+03  0.0000E+00 -2.0000E-03   1   5
  3.9543E-03  3.1737E-03  5.7336E-04  0.0000E+00  0.0000E+00  9.9746E+03  0.0000E+00 -2.0000E-03   1   5
 -2.8440E-04 -4.3815E-03  4.2124E-05  0.0000E+00  0.0000E+00 -3.4316E+04  0.0000E+00 -2.0000E-03   1   5
 -2.6177E-03 -4.3771E-03 -4.7667E-04  0.0000E+00  0.0000E+00  2.0825E+04  0.0000E+00 -2.0000E-03   1   5
 -3.3403E-03  4.4851E-03 -1.1911E-03  0.0000E+00  0.0000E+00 -2.0082E+04  0.0000E+00 -2.0000E-03   1   5
  1.0088E-03 -4.4619E-03  1.1591E-03  0.0000E+00  0.0000E+00  2.9691E+02  0.0000E+00 -2.0000E-03   1   5
  5.4291E-03 -3.2822E-03  4.5877E-04  0.0000E+00  0.0000E+00 -8.0681E+04  0.0000E+00 -2.0000E-03   1   5
  4.3991E-03  2.6769E-03 -5.8187E-05  0.0000E+00  0.0000E+00  8.7478E+04  0.0000E+00 -2.0000E-03   1   5
  5.6607E-03 -5.4277E-04 -5.9237E-04  0.0000E+00  0.0000E+00 -1.4845E+02  0.0000E+00 -2.0000E-03   1   5
 -5.7182E-04  3.0922E-03 -1.4269E-03  0.0000E+00  0.0000E+00  2.0265E+04  0.0000E+00 -2.0000E-03   1   5
 -4.3218E-03 -1.0271E-03  9.8139E-04  0.0000E+00  0.0000E+00 -2.0641E+04  0.0000E+00 -2.0000E-03   1   5
  4.9154E-03  6.7812E-04  3.4992E-04  0.0000E+00  0.0000E+00  3.4592E+04  0.0000E+00 -2.0000E-03   1   5
  4.2502E-03  4.6765E-03 -1.5909E-04  0.0000E+00  0.0000E+00 -9.8187E+03  0.0000E+00 -2.0000E-03   1   5
 -4.4060E-03 -9.4597E-04 -7.1663E-04  0.0000E+00  0.0000E+00  9.5057E+03  0.0000E+00 -2.0000E-03   1   5
 -5.0305E-03  1.2507E-03 -1.7891E-03  0.0000E+00  0.0000E+00 -3.5175E+04  0.0000E+00 -2.0000E-03   1   5
  3.5962E-03 -2.7273E-03  8.0226E-04  0.0000E+00  0.0000E+00  4.6037E+04  0.0000E+00 -2.0000E-03   1   5
 -4.4265E-04  5.2750E-03  2.2446E-04  0.0000E+00  0.0000E+00 -4.9205E+03  0.0000E+00 -2.0000E-03   1   5
 -1.0773E-03 -4.9655E-03 -2.8245E-04  0.0000E+00  0.0000E+00  1.4653E+04  0.0000E+00 -2.0000E-03   1   5
 -5.2116E-03  1.4367E-03 -8.8233E-04  0.0000E+00  0.0000E+00 -2.7124E+04  0.0000E+00 -2.0000E-03   1   5
 -5.6228E-03  1.2612E-04  1.6333E-03  0.0000E+00  0.0000E+00  2.6679E+04  0.0000E+00 -2.0000E-03   1   5
 -5.7625E-03  6.5589E-05  6.7072E-04  0.0000E+00  0.0000E+00 -1.4989E+04  0.0000E+00 -2.0000E-03   1   5
  2.8124E-03 -4.3967E-03  1.2263E-04  0.0000E+00  0.0000E+00  4.6198E+03  0.0000E+00 -2.0000E-03   1   5
  3.0336E-03 -2.9148E-03 -3.8856E-04  0.0000E+00  0.0000E+00 -4.7013E+04  0.0000E+00 -2.0000E-03   1   5
 -3.5225E-03 -1.0634E-03 -1.0416E-03  0.0000E+00  0.0000E+00  5.5654E+04  0.0000E+00 -2.0000E-03   1   5
  3.4424E-03  6.8073E-03  1.3334E-03  0.0000E+00  0.0000E+00 -2.5266E+03  0.0000E+00 -2.0000E-03   1   5
 -1.5071E-03  6.2108E-03  5.4988E-04  0.0000E+00  0.0000E+00  1.7385E+04  0.0000E+00 -2.0000E-03   1   5
 -4.1359E-03 -4.9163E-04  2.2060E-05  0.0000E+00  0.0000E+00 -2.3746E+04  0.0000E+00 -2.0000E-03   1   5
  5.3056E-03 -1.5283E-04 -4.9925E-04  0.0000E+00  0.0000E+00  3.0377E+04  0.0000E+00 -2.0000E-03   1   5
  5.2144E-03 -3.1052E-04 -1.2329E-03  0.0000E+00  0.0000E+00 -1.2359E+04  0.0000E+00 -2.0000E-03   1   5
  2.2188E-04 -4.7444E-03  1.1207E-03  0.0000E+00  0.0000E+00  7.0399E+03  0.0000E+00 -2.0000E-03   1   5
  1.1758E-05  4.9647E-03  4.3660E-04  0.0000E+00  0.0000E+00 -4.0328E+04  0.0000E+00 -2.0000E-03   1   5
  4.9113E-03 -9.5744E-04 -7.8287E-05  0.0000E+00  0.0000E+00  3.9610E+04  0.0000E+00 -2.0000E-03   1   5
 -3.1496E-03 -4.6400E-03 -6.1645E-04  0.0000E+00  0.0000E+00 -7.3456E+03  0.0000E+00 -2.0000E-03   1   5
 -5.0432E-03 -2.4735E-03 -1.4848E-03  0.0000E+00  0.0000E+00  1.2036E+04  0.0000E+00 -2.0000E-03   1   5
  4.5663E-03 -1.9485E-03  9.4943E-04  0.0000E+00  0.0000E+00 -3.0877E+04  0.0000E+00 -2.0000E-03   1   5
 -1.2569E-03  3.0756E-03  3.2868E-04  0.0000E+00  0.0000E+00  2.3342E+04  0.0000E+00 -2.0000E-03   1   5
 -1.1887E-03 -7.8153E-03 -1.7943E-04  0.0000E+00  0.0000E+00 -1.7738E+04  0.0000E+00 -2.0000E-03   1   5
 -4.5672E-03 -9.5901E-04 -7.4280E-04  0.0000E+00  0.0000E+00  2.2288E+03  0.0000E+00 -2.0000E-03   1   5
  2.0173E-03 -2.1822E-03 -1.8987E-03  0.0000E+00  0.0000E+00 -5.7358E+04  0.0000E+00 -2.0000E-03   1   5
  1.4284E-04  5.7278E-03  7.7490E-04  0.0000E+00  0.0000E+00  6.3865E+04  0.0000E+00 -2.0000E-03   1   5
 -2.3381E-03  5.3322E-04  2.0394E-04  0.0000E+00  0.0000E+00 -1.3365E+03  0.0000E+00 -2.0000E-03   1   5
  3.2449E-03 -4.0181E-03 -3.0338E-04  0.0000E+00  0.0000E+00  1.8804E+04  0.0000E+00 -2.0000E-03   1   5
  5.8624E-03 -2.8581E-04 -9.1232E-04  0.0000E+00  0.0000E+00 -2.2164E+04  0.0000E+00 -2.0000E-03   1   5
 -4.1442E-03 -1.3108E-03  1.5615E-03  0.0000E+00  0.0000E+00  3.2406E+04  0.0000E+00 -2.0000E-03   1   5
  2.8814E-03 -4.7679E-03  6.4581E-04  0.0000E+00  0.0000E+00 -1.1079E+04  0.0000E+00 -2.0000E-03   1   5
  1.5400E-03  4.2135E-03  1.0245E-04  0.0000E+00  0.0000E+00  8.2660E+03  0.0000E+00 -2.0000E-03   1   5
 -4.4872E-03 -2.4927E-03 -4.1028E-04  0.0000E+00  0.0000E+00 -3.7616E+04  0.0000E+00 -2.0000E-03   1   5
 -4.8280E-03 -1.1635E-03 -1.0767E-03  0.0000E+00  0.0000E+00  4.2584E+04  0.0000E+00 -2.0000E-03   1   5
  1.1828E-03 -6.7923E-03  1.2861E-03  0.0000E+00  0.0000E+00 -6.1282E+03  0.0000E+00 -2.0000E-03   1   5
 -1.0718E-03  1.9084E-03  5.2670E-04  0.0000E+00  0.0000E+00  1.3332E+04  0.0000E+00 -2.0000E-03   1   5
  4.4119E-03  4.3438E-03  2.0053E-06  0.0000E+00  0.0000E+00 -2.8945E+04  0.0000E+00 -2.0000E-03   1   5
  3.3623E-04  6.6054E-03 -5.2210E-04  0.0000E+00  0.0000E+00  2.4973E+04  0.0000E+00 -2.0000E-03   1   5
 -3.4198E-04 -3.8079E-03 -1.2770E-03  0.0000E+00  0.0000E+00 -1.6347E+04  0.0000E+00 -2.0000E-03   1   5
 -3.6764E-03 -3.0669E-03  1.0839E-03  0.0000E+00  0.0000E+00  3.4216E+03  0.0000E+00 -2.0000E-03   1   5
 -3.3931E-03  4.7194E-03  4.1465E-04  0.0000E+00  0.0000E+00 -5.1443E+04  0.0000E+00 -2.0000E-03   1   5
 -1.1394E-03  5.2042E-03 -9.8418E-05  0.0000E+00  0.0000E+00  5.0217E+04  0.0000E+00 -2.0000E-03   1   5
  3.3434E-03  2.0618E-03 -6.4088E-04  0.0000E+00  0.0000E+00 -3.7207E+03  0.0000E+00 -2.0000E-03   1   5
  6.3168E-03  2.1694E-03 -1.5481E-03  0.0000E+00  0.0000E+00  1.6003E+04  0.0000E+00 -2.0000E-03   1   5
  2.3379E-03  4.1763E-03  9.1842E-04  0.0000E+00  0.0000E+00 -2.5396E+04  0.0000E+00 -2.0000E-03   1   5
 -3.7576E-03 -2.8988E-03  3.0758E-04  0.0000E+00  0.0000E+00  2.8475E+04  0.0000E+00 -2.0000E-03   1   5
  1.9019E-03 -6.2744E-03 -1.9985E-04  0.0000E+00  0.0000E+00 -1.3661E+04  0.0000E+00 -2.0000E-03   1   5
  2.2568E-03  2.7204E-03 -7.6949E-04  0.0000E+00  0.0000E+00  5.8252E+03  0.0000E+00 -2.0000E-03   1   5
  5.3566E-03 -3.8124E-03  1.9236E-03  0.0000E+00  0.0000E+00 -4.3407E+04  0.0000E+00 -2.0000E-03   1   5
  5.1946E-03  3.1614E-03  7.4810E-04  0.0000E+00  0.0000E+00  3.6974E+04  0.0000E+00 -2.0000E-03   1   5
 -4.5316E-03 -1.2445E-04  1.8351E-04  0.0000E+00  0.0000E+00 -8.5750E+03  0.0000E+00 -2.0000E-03   1   5
  4.3999E-03  3.6240E-03 -3.2445E-04  0.0000E+00  0.0000E+00  1.0762E+04  0.0000E+00 -2.0000E-03   1   5
  2.5114E-03 -3.4842E-03 -9.4316E-04  0.0000E+00  0.0000E+00 -3.2943E+04  0.0000E+00 -2.0000E-03   1   5
  2.5519E-03  4.6763E-03  1.4970E-03  0.0000E+00  0.0000E+00  2.1775E+04  0.0000E+00 -2.0000E-03   1   5
  2.7491E-03  4.1580E-03  6.2130E-04  0.0000E+00  0.0000E+00 -1.9167E+04  0.0000E+00 -2.0000E-03   1   5
 -4.1657E-03  3.2034E-03  8.2310E-05  0.0000E+00  0.0000E+00  1.0394E+03  0.0000E+00 -2.0000E-03   1   5
 -5.4682E-03 -1.2968E-03 -4.3219E-04  0.0000E+00  0.0000E+00 -6.6924E+04  0.0000E+00 -2.0000E-03   1   5
  2.1560E-03  3.3935E-03 -1.1133E-03  0.0000E+00  0.0000E+00  7.0796E+04  0.0000E+00 -2.0000E-03   1   5
  2.6469E-03  2.4708E-03  1.2416E-03  0.0000E+00  0.0000E+00 -7.4234E+02  0.0000E+00 -2.0000E-03   1   5
  2.7158E-03 -4.5720E-03  5.0380E-04  0.0000E+00  0.0000E+00  1.9529E+04  0.0000E+00 -2.0000E-03   1   5
 -3.1554E-03 -1.7738E-03 -1.8049E-05  0.0000E+00  0.0000E+00 -2.1396E+04  0.0000E+00 -2.0000E-03   1   5
  6.0785E-03 -2.7003E-03 -5.4522E-04  0.0000E+00  0.0000E+00  3.3477E+04  0.0000E+00 -2.0000E-03   1   5
  1.0759E-03 -2.7980E-03 -1.3237E-03  0.0000E+00  0.0000E+00 -1.0447E+04  0.0000E+00 -2.0000E-03   1   5
 -1.7825E-04 -3.3613E-03  1.0485E-03  0.0000E+00  0.0000E+00  8.8840E+03  0.0000E+00 -2.0000E-03   1   5
  4.9665E-03 -1.1626E-03  3.9289E-04  0.0000E+00  0.0000E+00 -3.6366E+04  0.0000E+00 -2.0000E-03   1   5
  5.3853E-03  1.0073E-03 -1.1859E-04  0.0000E+00  0.0000E+00  4.4239E+04  0.0000E+00 -2.0000E-03   1   5
  4.0889E-03 -2.7643E-03 -6.6570E-04  0.0000E+00  0.0000E+00 -5.5233E+03  0.0000E+00 -2.0000E-03   1   5
  4.4244E-03  2.7654E-03 -1.6183E-03  0.0000E+00  0.0000E+00  1.3990E+04  0.0000E+00 -2.0000E-03   1   5
  3.0905E-04 -5.1171E-03  8.8826E-04  0.0000E+00  0.0000E+00 -2.8022E+04  0.0000E+00 -2.0000E-03   1   5
 -2.7939E-03  3.7735E-03  2.8662E-04  0.0000E+00  0.0000E+00  2.5816E+04  0.0000E+00 -2.0000E-03   1   5
 -1.5612E-03 -5.5361E-03 -2.2035E-04  0.0000E+00  0.0000E+00 -1.5664E+04  0.0000E+00 -2.0000E-03   1   5
  4.0178E-03 -3.6032E-03 -7.9674E-04  0.0000E+00  0.0000E+00  4.0199E+03  0.0000E+00 -2.0000E-03   1   5
 -5.4194E-03 -1.6456E-03  1.8093E-03  0.0000E+00  0.0000E+00 -4.9097E+04  0.0000E+00 -2.0000E-03   1   5
  3.9462E-03 -4.2531E-03  7.2183E-04  0.0000E+00  0.0000E+00  5.2724E+04  0.0000E+00 -2.0000E-03   1   5
  3.0770E-03 -5.6174E-04  1.6315E-04  0.0000E+00  0.0000E+00 -3.1231E+03  0.0000E+00 -2.0000E-03   1   5
 -3.0576E-03  9.1960E-03 -3.4566E-04  0.0000E+00  0.0000E+00  1.6689E+04  0.0000E+00 -2.0000E-03   1   5
  1.7902E-03 -1.8616E-03 -9.7492E-04  0.0000E+00  0.0000E+00 -2.4562E+04  0.0000E+00 -2.0000E-03   1   5
  6.3873E-03  3.3404E-03  1.4381E-03  0.0000E+00  0.0000E+00  2.9412E+04  0.0000E+00 -2.0000E-03   1   5
 -3.8897E-03  1.1342E-03  5.9716E-04  0.0000E+00  0.0000E+00 -1.3007E+04  0.0000E+00 -2.0000E-03   1   5
 -1.1836E-03  5.3170E-03  6.2204E-05  0.0000E+00  0.0000E+00  6.4313E+03  0.0000E+00 -2.0000E-03   1   5
 -3.0521E-03 -2.9058E-03 -4.5432E-04  0.0000E+00  0.0000E+00 -4.1813E+04  0.0000E+00 -2.0000E-03   1   5
  6.6255E-04  5.1392E-03 -1.1513E-03  0.0000E+00  0.0000E+00  3.8256E+04  0.0000E+00 -2.0000E-03   1   5
  5.3760E-03 -4.1601E-04  1.1993E-03  0.0000E+00  0.0000E+00 -7.9587E+03  0.0000E+00 -2.0000E-03   1   5
 -2.5002E-03  3.7242E-03  4.8116E-04  0.0000E+00  0.0000E+00  1.1396E+04  0.0000E+00 -2.0000E-03   1   5
  4.3809E-03  1.9021E-03 -3.8110E-05  0.0000E+00  0.0000E+00 -3.1892E+04  0.0000E+00 -2.0000E-03   1   5
 -2.1278E-04 -6.1028E-03 -5.6864E-04  0.0000E+00  0.0000E+00  2.2551E+04  0.0000E+00 -2.0000E-03   1   5
 -4.1187E-03  1.4054E-03 -1.3735E-03  0.0000E+00  0.0000E+00 -1.8447E+04  0.0000E+00 -2.0000E-03   1   5
 -4.3533E-03 -4.9142E-03  1.0144E-03  0.0000E+00  0.0000E+00  1.6338E+03  0.0000E+00 -2.0000E-03   1   5
 -1.1721E-03  8.6235E-03  3.7132E-04  0.0000E+00  0.0000E+00 -6.1386E+04  0.0000E+00 -2.0000E-03   1   5
  4.4689E-03  1.0666E-03 -1.3881E-04  0.0000E+00  0.0000E+00  5.9220E+04  0.0000E+00 -2.0000E-03   1   5
 -6.8198E-04  6.4862E-03 -6.9095E-04  0.0000E+00  0.0000E+00 -1.9312E+03  0.0000E+00 -2.0000E-03   1   5
 -1.4392E-03  6.0202E-03 -1.6975E-03  0.0000E+00  0.0000E+00  1.8089E+04  0.0000E+00 -2.0000E-03   1   5
  2.6727E-03 -2.7407E-03  8.5889E-04  0.0000E+00  0.0000E+00 -2.2947E+04  0.0000E+00 -2.0000E-03   1   5
  2.9555E-03 -2.2962E-03  2.6579E-04  0.0000E+00  0.0000E+00  3.1374E+04  0.0000E+00 -2.0000E-03   1   5
  6.5523E-03  1.0877E-03 -2.4094E-04  0.0000E+00  0.0000E+00 -1.1716E+04  0.0000E+00 -2.0000E-03   1   5
 -3.8979E-03 -5.0208E-04 -8.2460E-04  0.0000E+00  0.0000E+00  7.6514E+03  0.0000E+00 -2.0000E-03   1   5
  5.8131E-03  3.9537E-05  8.2460E-04  0.0000E+00  0.0000E+00 -3.8933E+04  0.0000E+00 -2.0000E-03   1   5
 -1.4031E-03 -5.3387E-03  2.4094E-04  0.0000E+00  0.0000E+00  4.1048E+04  0.0000E+00 -2.0000E-03   1   5
 -2.3688E-03 -5.2283E-03 -2.6579E-04  0.0000E+00  0.0000E+00 -6.7355E+03  0.0000E+00 -2.0000E-03   1   5
  3.3577E-03 -5.5874E-03 -8.5889E-04  0.0000E+00  0.0000E+00  1.2681E+04  0.0000E+00 -2.0000E-03   1   5
  1.1298E-03 -7.1355E-03  1.6975E-03  0.0000E+00  0.0000E+00 -2.9896E+04  0.0000E+00 -2.0000E-03   1   5
  3.8081E-03 -4.7226E-05  6.9095E-04  0.0000E+00  0.0000E+00  2.4148E+04  0.0000E+00 -2.0000E-03   1   5
 -4.7675E-03  3.4266E-03  1.3881E-04  0.0000E+00  0.0000E+00 -1.7038E+04  0.0000E+00 -2.0000E-03   1   5
  2.2352E-03  5.8823E-03 -3.7132E-04  0.0000E+00  0.0000E+00  2.8247E+03  0.0000E+00 -2.0000E-03   1   5
  3.7981E-03 -1.9674E-03 -1.0144E-03  0.0000E+00  0.0000E+00 -5.4143E+04  0.0000E+00 -2.0000E-03   1   5
  4.6333E-03  1.4401E-03  1.3735E-03  0.0000E+00  0.0000E+00  4.8013E+04  0.0000E+00 -2.0000E-03   1   5
 -5.3549E-03 -5.1198E-04  5.6864E-04  0.0000E+00  0.0000E+00 -4.3198E+03  0.0000E+00 -2.0000E-03   1   5
 -4.6969E-03 -2.7348E-03  3.8110E-05  0.0000E+00  0.0000E+00  1.5324E+04  0.0000E+00 -2.0000E-03   1   5
  2.5206E-04  4.7079E-03 -4.8116E-04  0.0000E+00  0.0000E+00 -2.6249E+04  0.0000E+00 -2.0000E-03   1   5
 -3.9599E-03  3.4992E-03 -1.1993E-03  0.0000E+00  0.0000E+00  2.7565E+04  0.0000E+00 -2.0000E-03   1   5
 -2.0463E-03  4.1314E-03  1.1513E-03  0.0000E+00  0.0000E+00 -1.4322E+04  0.0000E+00 -2.0000E-03   1   5
  6.5674E-03 -7.9662E-04  4.5432E-04  0.0000E+00  0.0000E+00  5.2215E+03  0.0000E+00 -2.0000E-03   1   5
  5.9238E-03 -4.0212E-04 -6.2204E-05  0.0000E+00  0.0000E+00 -4.5130E+04  0.0000E+00 -2.0000E-03   1   5
 -1.9034E-03  1.9079E-03 -5.9716E-04  0.0000E+00  0.0000E+00  3.5756E+04  0.0000E+00 -2.0000E-03   1   5
 -2.2797E-03  7.1769E-03 -1.4381E-03  0.0000E+00  0.0000E+00 -9.1949E+03  0.0000E+00 -2.0000E-03   1   5
 -2.6557E-03  5.8396E-03  9.7492E-04  0.0000E+00  0.0000E+00  1.0131E+04  0.0000E+00 -2.0000E-03   1   5
 -3.9371E-03  3.9586E-03  3.4566E-04  0.0000E+00  0.0000E+00 -3.4036E+04  0.0000E+00 -2.0000E-03   1   5
  4.5094E-03 -1.6009E-03 -1.6315E-04  0.0000E+00  0.0000E+00  2.1014E+04  0.0000E+00 -2.0000E-03   1   5
  1.6095E-03 -4.1022E-03 -7.2183E-04  0.0000E+00  0.0000E+00 -1.9898E+04  0.0000E+00 -2.0000E-03   1   5
  1.1231E-03  5.2447E-03 -1.8093E-03  0.0000E+00  0.0000E+00  4.4538E+02  0.0000E+00 -2.0000E-03   1   5
  3.6069E-03  3.4426E-03  7.9674E-04  0.0000E+00  0.0000E+00 -7.6447E+04  0.0000E+00 -2.0000E-03   1   5
 -5.1791E-03 -6.8534E-04  2.2035E-04  0.0000E+00  0.0000E+00  7.6411E+04  0.0000E+00 -2.0000E-03   1   5
 -4.0424E-03 -3.8507E-03 -2.8662E-04  0.0000E+00  0.0000E+00 -4.4538E+02  0.0000E+00 -2.0000E-03   1   5
 -4.6047E-03 -3.6083E-03 -8.8826E-04  0.0000E+00  0.0000E+00  1.9896E+04  0.0000E+00 -2.0000E-03   1   5
 -4.3645E-04 -6.1965E-03  1.6183E-03  0.0000E+00  0.0000E+00 -2.1016E+04  0.0000E+00 -2.0000E-03   1   5
 -5.7314E-03 -2.0723E-03  6.6570E-04  0.0000E+00  0.0000E+00  3.4029E+04  0.0000E+00 -2.0000E-03   1   5
 -4.2122E-03  1.4439E-03  1.1859E-04  0.0000E+00  0.0000E+00 -1.0132E+04  0.0000E+00 -2.0000E-03   1   5
 -5.1645E-03 -2.2385E-04 -3.9289E-04  0.0000E+00  0.0000E+00  9.1944E+03  0.0000E+00 -2.0000E-03   1   5
  6.1980E-03  3.6899E-03 -1.0485E-03  0.0000E+00  0.0000E+00 -3.5764E+04  0.0000E+00 -2.0000E-03   1   5
  2.8280E-03  6.0571E-03  1.3237E-03  0.0000E+00  0.0000E+00  4.5118E+04  0.0000E+00 -2.0000E-03   1   5
  5.7805E-03  4.0121E-04  5.4522E-04  0.0000E+00  0.0000E+00 -5.2216E+03  0.0000E+00 -2.0000E-03   1   5
 -4.6132E-04 -4.2272E-03  1.8049E-05  0.0000E+00  0.0000E+00  1.4321E+04  0.0000E+00 -2.0000E-03   1   5
 -4.1424E-03  2.2232E-03 -5.0380E-04  0.0000E+00  0.0000E+00 -2.7570E+04  0.0000E+00 -2.0000E-03   1   5
 -4.6241E-03 -3.3246E-04 -1.2416E-03  0.0000E+00  0.0000E+00  2.6245E+04  0.0000E+00 -2.0000E-03   1   5
 -2.0365E-04 -5.2182E-03  1.1133E-03  0.0000E+00  0.0000E+00 -1.5326E+04  0.0000E+00 -2.0000E-03   1   5
 -1.3557E-03  4.2376E-03  4.3219E-04  0.0000E+00  0.0000E+00  4.3197E+03  0.0000E+00 -2.0000E-03   1   5
 -4.8869E-03  1.2073E-04 -8.2310E-05  0.0000E+00  0.0000E+00 -4.8027E+04  0.0000E+00 -2.0000E-03   1   5
 -1.4602E-03 -6.0396E-03 -6.2130E-04  0.0000E+00  0.0000E+00  5.4126E+04  0.0000E+00 -2.0000E-03   1   5
  4.7417E-03 -9.8658E-04 -1.4970E-03  0.0000E+00  0.0000E+00 -2.8247E+03  0.0000E+00 -2.0000E-03   1   5
  2.9678E-03 -6.1957E-03  9.4316E-04  0.0000E+00  0.0000E+00  1.7036E+04  0.0000E+00 -2.0000E-03   1   5
 -2.3282E-03 -1.8245E-03  3.2445E-04  0.0000E+00  0.0000E+00 -2.4152E+04  0.0000E+00 -2.0000E-03   1   5
  1.1592E-03  6.5432E-03 -1.8351E-04  0.0000E+00  0.0000E+00  2.9890E+04  0.0000E+00 -2.0000E-03   1   5
  3.7930E-03 -7.1841E-04 -7.4810E-04  0.0000E+00  0.0000E+00 -1.2682E+04  0.0000E+00 -2.0000E-03   1   5
 -3.3591E-03 -3.4361E-03 -1.9236E-03  0.0000E+00  0.0000E+00  6.7352E+03  0.0000E+00 -2.0000E-03   1   5
  2.5616E-03 -2.5107E-03  7.6949E-04  0.0000E+00  0.0000E+00 -4.1058E+04  0.0000E+00 -2.0000E-03   1   5
  5.1631E-03 -3.0571E-03  1.9985E-04  0.0000E+00  0.0000E+00  3.8923E+04  0.0000E+00 -2.0000E-03   1   5
  1.4792E-03  5.0104E-03 -3.0758E-04  0.0000E+00  0.0000E+00 -7.6517E+03  0.0000E+00 -2.0000E-03   1   5
 -2.5545E-03 -3.9654E-03 -9.1842E-04  0.0000E+00  0.0000E+00  1.1716E+04  0.0000E+00 -2.0000E-03   1   5
  5.2825E-03 -2.3898E-03  1.5481E-03  0.0000E+00  0.0000E+00 -3.1380E+04  0.0000E+00 -2.0000E-03   1   5
 -4.5033E-03 -1.2545E-03  6.4088E-04  0.0000E+00  0.0000E+00  2.2944E+04  0.0000E+00 -2.0000E-03   1   5
 -4.3996E-03 -2.8117E-03  9.8418E-05  0.0000E+00  0.0000E+00 -1.8091E+04  0.0000E+00 -2.0000E-03   1   5
  4.9769E-03 -3.3213E-03 -4.1465E-04  0.0000E+00  0.0000E+00  1.9312E+03  0.0000E+00 -2.0000E-03   1   5
  4.4767E-03 -4.9750E-03 -1.0839E-03  0.0000E+00  0.0000E+00 -5.9241E+04  0.0000E+00 -2.0000E-03   1   5
 -2.6104E-03 -1.5678E-03  1.2770E-03  0.0000E+00  0.0000E+00  6.1363E+04  0.0000E+00 -2.0000E-03   1   5
  1.8352E-04  6.8053E-03  5.2210E-04  0.0000E+00  0.0000E+00 -1.6338E+03  0.0000E+00 -2.0000E-03   1   5
  2.1658E-06  6.3107E-03 -2.0053E-06  0.0000E+00  0.0000E+00  1.8445E+04  0.0000E+00 -2.0000E-03   1   5
 -4.7159E-03 -1.4744E-03 -5.2670E-04  0.0000E+00  0.0000E+00 -2.2554E+04  0.0000E+00 -2.0000E-03   1   5
 -4.8142E-03 -1.8564E-03 -1.2861E-03  0.0000E+00  0.0000E+00  3.1885E+04  0.0000E+00 -2.0000E-03   1   5
 -4.6196E-03 -2.6782E-03  1.0767E-03  0.0000E+00  0.0000E+00 -1.1397E+04  0.0000E+00 -2.0000E-03   1   5
 -3.1033E-03 -4.4149E-03  4.1028E-04  0.0000E+00  0.0000E+00  7.9583E+03  0.0000E+00 -2.0000E-03   1   5
 -5.6826E-03 -2.0116E-03 -1.0245E-04  0.0000E+00  0.0000E+00 -3.8265E+04  0.0000E+00 -2.0000E-03   1   5
 -6.3634E-03 -4.6755E-04 -6.4581E-04  0.0000E+00  0.0000E+00  4.1803E+04  0.0000E+00 -2.0000E-03   1   5
 -2.0514E-03  2.6709E-03 -1.5615E-03  0.0000E+00  0.0000E+00 -6.4315E+03  0.0000E+00 -2.0000E-03   1   5
  4.0437E-03  2.6899E-03  9.1232E-04  0.0000E+00  0.0000E+00  1.3006E+04  0.0000E+00 -2.0000E-03   1   5
 -4.1476E-03 -2.5579E-03  3.0338E-04  0.0000E+00  0.0000E+00 -2.9417E+04  0.0000E+00 -2.0000E-03   1   5
 -3.4132E-03  3.3855E-04 -2.0394E-04  0.0000E+00  0.0000E+00  2.4558E+04  0.0000E+00 -2.0000E-03   1   5
  3.4299E-04  7.5846E-03 -7.7490E-04  0.0000E+00  0.0000E+00 -1.6691E+04  0.0000E+00 -2.0000E-03   1   5
  4.0804E-03  5.0935E-03  1.8987E-03  0.0000E+00  0.0000E+00  3.1230E+03  0.0000E+00 -2.0000E-03   1   5
  1.6407E-03 -3.5131E-03  7.4280E-04  0.0000E+00  0.0000E+00 -5.2741E+04  0.0000E+00 -2.0000E-03   1   5
 -4.7412E-03 -2.8993E-04  1.7943E-04  0.0000E+00  0.0000E+00  4.9082E+04  0.0000E+00 -2.0000E-03   1   5
  4.7168E-03  2.2449E-03 -3.2868E-04  0.0000E+00  0.0000E+00 -4.0200E+03  0.0000E+00 -2.0000E-03   1   5
  4.2897E-03  2.6551E-03 -9.4943E-04  0.0000E+00  0.0000E+00  1.5663E+04  0.0000E+00 -2.0000E-03   1   5
 -4.8981E-03  1.7544E-03  1.4848E-03  0.0000E+00  0.0000E+00 -2.5820E+04  0.0000E+00 -2.0000E-03   1   5
 -5.3223E-03  1.1634E-04  6.1645E-04  0.0000E+00  0.0000E+00  2.8017E+04  0.0000E+00 -2.0000E-03   1   5
  8.1569E-04 -5.4417E-03  7.8287E-05  0.0000E+00  0.0000E+00 -1.3991E+04  0.0000E+00 -2.0000E-03   1   5
 -5.3361E-04  4.0590E-03 -4.3660E-04  0.0000E+00  0.0000E+00  5.5231E+03  0.0000E+00 -2.0000E-03   1   5
  4.2126E-03 -1.5611E-03 -1.1207E-03  0.0000E+00  0.0000E+00 -4.4251E+04  0.0000E+00 -2.0000E-03   1   5
  3.8246E-03 -5.3983E-04  1.2329E-03  0.0000E+00  0.0000E+00  3.6358E+04  0.0000E+00 -2.0000E-03   1   5
  2.6550E-03 -5.6505E-03  4.9925E-04  0.0000E+00  0.0000E+00 -8.8845E+03  0.0000E+00 -2.0000E-03   1   5
 -3.5900E-03  2.1203E-03 -2.2060E-05  0.0000E+00  0.0000E+00  1.0446E+04  0.0000E+00 -2.0000E-03   1   5
  1.5568E-03 -3.2452E-03 -5.4988E-04  0.0000E+00  0.0000E+00 -3.3484E+04  0.0000E+00 -2.0000E-03   1   5
 -4.0246E-03  2.6335E-03 -1.3334E-03  0.0000E+00  0.0000E+00  2.1393E+04  0.0000E+00 -2.0000E-03   1   5
  8.2622E-04  5.8740E-03  1.0416E-03  0.0000E+00  0.0000E+00 -1.9531E+04  0.0000E+00 -2.0000E-03   1   5
  3.2007E-03 -3.6327E-03  3.8856E-04  0.0000E+00  0.0000E+00  7.4234E+02  0.0000E+00 -2.0000E-03   1   5
 -3.6159E-03  3.3124E-03 -1.2263E-04  0.0000E+00  0.0000E+00 -7.0827E+04  0.0000E+00 -2.0000E-03   1   5
  4.9624E-03 -1.6230E-03 -6.7072E-04  0.0000E+00  0.0000E+00  6.6896E+04  0.0000E+00 -2.0000E-03   1   5
  4.1422E-03  2.6242E-03 -1.6333E-03  0.0000E+00  0.0000E+00 -1.0394E+03  0.0000E+00 -2.0000E-03   1   5
  4.9606E-03 -1.2308E-03  8.8233E-04  0.0000E+00  0.0000E+00  1.9165E+04  0.0000E+00 -2.0000E-03   1   5
 -3.4655E-03 -4.6787E-03  2.8245E-04  0.0000E+00  0.0000E+00 -2.1778E+04  0.0000E+00 -2.0000E-03   1   5
 -4.7961E-03 -3.3922E-03 -2.2446E-04  0.0000E+00  0.0000E+00  3.2937E+04  0.0000E+00 -2.0000E-03   1   5
 -4.7692E-03  4.5866E-04 -8.0226E-04  0.0000E+00  0.0000E+00 -1.0762E+04  0.0000E+00 -2.0000E-03   1   5
 -4.0402E-03 -6.3577E-03  1.7891E-03  0.0000E+00  0.0000E+00  8.5745E+03  0.0000E+00 -2.0000E-03   1   5
 -2.0357E-03 -2.3870E-03  7.1663E-04  0.0000E+00  0.0000E+00 -3.6983E+04  0.0000E+00 -2.0000E-03   1   5
 -3.7718E-03  5.6978E-03  1.5909E-04  0.0000E+00  0.0000E+00  4.3396E+04  0.0000E+00 -2.0000E-03   1   5
 -5.7890E-03 -2.9156E-04 -3.4992E-04  0.0000E+00  0.0000E+00 -5.8254E+03  0.0000E+00 -2.0000E-03   1   5
 -5.3785E-03  3.9319E-03 -9.8139E-04  0.0000E+00  0.0000E+00  1.3660E+04  0.0000E+00 -2.0000E-03   1   5
 -2.0782E-03 -3.0993E-03  1.4269E-03  0.0000E+00  0.0000E+00 -2.8480E+04  0.0000E+00 -2.0000E-03   1   5
  5.2778E-03  2.8015E-03  5.9237E-04  0.0000E+00  0.0000E+00  2.5392E+04  0.0000E+00 -2.0000E-03   1   5
 -3.9808E-03 -1.6195E-03  5.8187E-05  0.0000E+00  0.0000E+00 -1.6004E+04  0.0000E+00 -2.0000E-03   1   5
 -4.3280E-03 -1.1884E-03 -4.5877E-04  0.0000E+00  0.0000E+00  3.7206E+03  0.0000E+00 -2.0000E-03   1   5
  2.8237E-03 -5.0637E-03 -1.1591E-03  0.0000E+00  0.0000E+00 -5.0232E+04  0.0000E+00 -2.0000E-03   1   5
 -4.2302E-03 -3.0409E-03  1.1911E-03  0.0000E+00  0.0000E+00  5.1426E+04  0.0000E+00 -2.0000E-03   1   5
  3.0613E-03  2.7174E-03  4.7667E-04  0.0000E+00  0.0000E+00 -3.4217E+03  0.0000E+00 -2.0000E-03   1   5
  7.9269E-04 -6.8769E-03 -4.2124E-05  0.0000E+00  0.0000E+00  1.6345E+04  0.0000E+00 -2.0000E-03   1   5
  1.0697E-03 -7.8818E-03 -5.7336E-04  0.0000E+00  0.0000E+00 -2.4976E+04  0.0000E+00 -2.0000E-03   1   5
 -4.6857E-03  4.3722E-03 -1.3839E-03  0.0000E+00  0.0000E+00  2.8940E+04  0.0000E+00 -2.0000E-03   1   5
  2.2951E-03 -2.6718E-03  1.0077E-03  0.0000E+00  0.0000E+00 -1.3333E+04  0.0000E+00 -2.0000E-03   1   5
  4.6435E-03  1.0529E-03  3.6703E-04  0.0000E+00  0.0000E+00  6.1279E+03  0.0000E+00 -2.0000E-03   1   5
 -2.4303E-03 -3.7793E-03 -1.4286E-04  0.0000E+00  0.0000E+00 -4.2595E+04  0.0000E+00 -2.0000E-03   1   5
  4.3630E-03  2.4050E-04 -6.9605E-04  0.0000E+00  0.0000E+00  3.7607E+04  0.0000E+00 -2.0000E-03   1   5
 -3.8422E-03 -3.7629E-03 -1.7147E-03  0.0000E+00  0.0000E+00 -8.2664E+03  0.0000E+00 -2.0000E-03   1   5
  3.7915E-04  4.7131E-03  8.5311E-04  0.0000E+00  0.0000E+00  1.1078E+04  0.0000E+00 -2.0000E-03   1   5
 -4.5553E-03  3.5702E-03  2.6164E-04  0.0000E+00  0.0000E+00 -3.2413E+04  0.0000E+00 -2.0000E-03   1   5
  5.9974E-03  1.1064E-03 -2.4507E-04  0.0000E+00  0.0000E+00  2.2161E+04  0.0000E+00 -2.0000E-03   1   5
 -1.7639E-03  3.1609E-03 -8.3025E-04  0.0000E+00  0.0000E+00 -1.8806E+04  0.0000E+00 -2.0000E-03   1   5
  3.5076E-03 -5.6036E-03  8.1898E-04  0.0000E+00  0.0000E+00  1.3365E+03  0.0000E+00 -2.0000E-03   1   5
 -3.8057E-03 -4.3549E-03  2.3682E-04  0.0000E+00  0.0000E+00 -6.3889E+04  0.0000E+00 -2.0000E-03   1   5
  2.8807E-03  1.1845E-03 -2.6995E-04  0.0000E+00  0.0000E+00  5.7338E+04  0.0000E+00 -2.0000E-03   1   5
  1.8140E-03 -2.5137E-03 -8.6471E-04  0.0000E+00  0.0000E+00 -2.2288E+03  0.0000E+00 -2.0000E-03   1   5
 -2.4418E-03  5.8416E-03  1.6808E-03  0.0000E+00  0.0000E+00  1.7736E+04  0.0000E+00 -2.0000E-03   1   5
 -1.6497E-03 -3.5270E-03  6.8586E-04  0.0000E+00  0.0000E+00 -2.3345E+04  0.0000E+00 -2.0000E-03   1   5
 -2.2085E-03  5.2946E-03  1.3476E-04  0.0000E+00  0.0000E+00  3.0871E+04  0.0000E+00 -2.0000E-03   1   5
 -8.7461E-04  5.4271E-03 -3.7562E-04  0.0000E+00  0.0000E+00 -1.2037E+04  0.0000E+00 -2.0000E-03   1   5
  1.1758E-03 -4.6086E-03 -1.0211E-03  0.0000E+00  0.0000E+00  7.3453E+03  0.0000E+00 -2.0000E-03   1   5
  1.3806E-04 -5.0786E-03  1.3633E-03  0.0000E+00  0.0000E+00 -3.9620E+04  0.0000E+00 -2.0000E-03   1   5
 -3.7994E-03 -4.1473E-03  5.6393E-04  0.0000E+00  0.0000E+00  4.0318E+04  0.0000E+00 -2.0000E-03   1   5
 -2.7569E-03 -5.2368E-03  3.4097E-05  0.0000E+00  0.0000E+00 -7.0402E+03  0.0000E+00 -2.0000E-03   1   5
 -6.0145E-04  3.9441E-03 -4.8567E-04  0.0000E+00  0.0000E+00  1.2358E+04  0.0000E+00 -2.0000E-03   1   5
 -5.9779E-03 -5.7696E-04 -1.2076E-03  0.0000E+00  0.0000E+00 -3.0382E+04  0.0000E+00 -2.0000E-03   1   5
  2.4695E-03  9.6711E-04  1.1436E-03  0.0000E+00  0.0000E+00  2.3743E+04  0.0000E+00 -2.0000E-03   1   5
  6.1963E-03 -2.4348E-03  4.4988E-04  0.0000E+00  0.0000E+00 -1.7387E+04  0.0000E+00 -2.0000E-03   1   5
