  -4.0000000e-01	   0.0000000e+00	
  -3.9950000e-01	   1.7661120e-06	
  -3.9900000e-01	   3.5322980e-06	
  -3.9850000e-01	   5.2986330e-06	
  -3.9800000e-01	   7.0651910e-06	
  -3.9750000e-01	   8.8320420e-06	
  -3.9700000e-01	   1.0599260e-05	
  -3.9650000e-01	   1.2366910e-05	
  -3.9600000e-01	   1.4135060e-05	
  -3.9550000e-01	   1.5903780e-05	
  -3.9500000e-01	   1.7673130e-05	
  -3.9450000e-01	   1.9443160e-05	
  -3.9400000e-01	   2.1213950e-05	
  -3.9350000e-01	   2.2985540e-05	
  -3.9300000e-01	   2.4757990e-05	
  -3.9250000e-01	   2.6571310e-05	
  -3.9200000e-01	   2.8434640e-05	
  -3.9150000e-01	   3.0268450e-05	
  -3.9100000e-01	   3.2067910e-05	
  -3.9050000e-01	   3.3442740e-05	
  -3.9000000e-01	   3.5276310e-05	
  -3.8950000e-01	   3.7128070e-05	
  -3.8900000e-01	   3.8986350e-05	
  -3.8850000e-01	   4.0840170e-05	
  -3.8800000e-01	   4.2680010e-05	
  -3.8750000e-01	   4.4498600e-05	
  -3.8700000e-01	   4.6345730e-05	
  -3.8650000e-01	   4.8090940e-05	
  -3.8600000e-01	   4.9811240e-05	
  -3.8550000e-01	   5.1521520e-05	
  -3.8500000e-01	   5.3359790e-05	
  -3.8450000e-01	   5.5225410e-05	
  -3.8400000e-01	   5.7075940e-05	
  -3.8350000e-01	   5.8756910e-05	
  -3.8300000e-01	   6.0564380e-05	
  -3.8250000e-01	   6.2362110e-05	
  -3.8200000e-01	   6.4149900e-05	
  -3.8150000e-01	   6.5930070e-05	
  -3.8100000e-01	   6.7707400e-05	
  -3.8050000e-01	   6.9488730e-05	
  -3.8000000e-01	   7.1282360e-05	
  -3.7950000e-01	   7.3689950e-05	
  -3.7900000e-01	   7.5401350e-05	
  -3.7850000e-01	   7.7049540e-05	
  -3.7800000e-01	   7.8705510e-05	
  -3.7750000e-01	   8.0506840e-05	
  -3.7700000e-01	   8.2326970e-05	
  -3.7650000e-01	   8.4164350e-05	
  -3.7600000e-01	   8.5895130e-05	
  -3.7550000e-01	   8.7780760e-05	
  -3.7500000e-01	   8.9691040e-05	
  -3.7450000e-01	   9.1617220e-05	
  -3.7400000e-01	   9.3549350e-05	
  -3.7350000e-01	   9.5477060e-05	
  -3.7300000e-01	   9.7390410e-05	
  -3.7250000e-01	   9.9182540e-05	
  -3.7200000e-01	   1.0104750e-04	
  -3.7150000e-01	   1.0290020e-04	
  -3.7100000e-01	   1.0474300e-04	
  -3.7050000e-01	   1.0664580e-04	
  -3.7000000e-01	   1.0857930e-04	
  -3.6950000e-01	   1.1049790e-04	
  -3.6900000e-01	   1.1240160e-04	
  -3.6850000e-01	   1.1434030e-04	
  -3.6800000e-01	   1.1620220e-04	
  -3.6750000e-01	   1.1806060e-04	
  -3.6700000e-01	   1.1992480e-04	
  -3.6650000e-01	   1.2180270e-04	
  -3.6600000e-01	   1.2370000e-04	
  -3.6550000e-01	   1.2562010e-04	
  -3.6500000e-01	   1.2761000e-04	
  -3.6450000e-01	   1.2956810e-04	
  -3.6400000e-01	   1.3153490e-04	
  -3.6350000e-01	   1.3350260e-04	
  -3.6300000e-01	   1.3533760e-04	
  -3.6250000e-01	   1.3719910e-04	
  -3.6200000e-01	   1.3910440e-04	
  -3.6150000e-01	   1.4146060e-04	
  -3.6100000e-01	   1.4341450e-04	
  -3.6050000e-01	   1.4537060e-04	
  -3.6000000e-01	   1.4733600e-04	
  -3.5950000e-01	   1.4931560e-04	
  -3.5900000e-01	   1.5131160e-04	
  -3.5850000e-01	   1.5332350e-04	
  -3.5800000e-01	   1.5496430e-04	
  -3.5750000e-01	   1.5703040e-04	
  -3.5700000e-01	   1.5916170e-04	
  -3.5650000e-01	   1.6134180e-04	
  -3.5600000e-01	   1.6348430e-04	
  -3.5550000e-01	   1.6555060e-04	
  -3.5500000e-01	   1.6761450e-04	
  -3.5450000e-01	   1.6967700e-04	
  -3.5400000e-01	   1.7155590e-04	
  -3.5350000e-01	   1.7366610e-04	
  -3.5300000e-01	   1.7580520e-04	
  -3.5250000e-01	   1.7796570e-04	
  -3.5200000e-01	   1.8013820e-04	
  -3.5150000e-01	   1.8231130e-04	
  -3.5100000e-01	   1.8447320e-04	
  -3.5050000e-01	   1.8645180e-04	
  -3.5000000e-01	   1.8857080e-04	
  -3.4950000e-01	   1.9068700e-04	
  -3.4900000e-01	   1.9280230e-04	
  -3.4850000e-01	   1.9490590e-04	
  -3.4800000e-01	   1.9701990e-04	
  -3.4750000e-01	   1.9915620e-04	
  -3.4700000e-01	   2.0154320e-04	
  -3.4650000e-01	   2.0369400e-04	
  -3.4600000e-01	   2.0585500e-04	
  -3.4550000e-01	   2.0803610e-04	
  -3.4500000e-01	   2.1024260e-04	
  -3.4450000e-01	   2.1247480e-04	
  -3.4400000e-01	   2.1472780e-04	
  -3.4350000e-01	   2.1699210e-04	
  -3.4300000e-01	   2.1896860e-04	
  -3.4250000e-01	   2.2126720e-04	
  -3.4200000e-01	   2.2360070e-04	
  -3.4150000e-01	   2.2594670e-04	
  -3.4100000e-01	   2.2827050e-04	
  -3.4050000e-01	   2.3059120e-04	
  -3.4000000e-01	   2.3290550e-04	
  -3.3950000e-01	   2.3532210e-04	
  -3.3900000e-01	   2.3758980e-04	
  -3.3850000e-01	   2.3984700e-04	
  -3.3800000e-01	   2.4210590e-04	
  -3.3750000e-01	   2.4437820e-04	
  -3.3700000e-01	   2.4667440e-04	
  -3.3650000e-01	   2.4900320e-04	
  -3.3600000e-01	   2.5158780e-04	
  -3.3550000e-01	   2.5396900e-04	
  -3.3500000e-01	   2.5635620e-04	
  -3.3450000e-01	   2.5875180e-04	
  -3.3400000e-01	   2.6120270e-04	
  -3.3350000e-01	   2.6368410e-04	
  -3.3300000e-01	   2.6616350e-04	
  -3.3250000e-01	   2.6863390e-04	
  -3.3200000e-01	   2.7095950e-04	
  -3.3150000e-01	   2.7344110e-04	
  -3.3100000e-01	   2.7592820e-04	
  -3.3050000e-01	   2.7841990e-04	
  -3.3000000e-01	   2.8091740e-04	
  -3.2950000e-01	   2.8342380e-04	
  -3.2900000e-01	   2.8594370e-04	
  -3.2850000e-01	   2.8866070e-04	
  -3.2800000e-01	   2.9119500e-04	
  -3.2750000e-01	   2.9372720e-04	
  -3.2700000e-01	   2.9626750e-04	
  -3.2650000e-01	   2.9886960e-04	
  -3.2600000e-01	   3.0148540e-04	
  -3.2550000e-01	   3.0411360e-04	
  -3.2500000e-01	   3.0669960e-04	
  -3.2450000e-01	   3.0936160e-04	
  -3.2400000e-01	   3.1203930e-04	
  -3.2350000e-01	   3.1473000e-04	
  -3.2300000e-01	   3.1743170e-04	
  -3.2250000e-01	   3.2014330e-04	
  -3.2200000e-01	   3.2286430e-04	
  -3.2150000e-01	   3.2561010e-04	
  -3.2100000e-01	   3.2835440e-04	
  -3.2050000e-01	   3.3110880e-04	
  -3.2000000e-01	   3.3387460e-04	
  -3.1950000e-01	   3.3665420e-04	
  -3.1900000e-01	   3.3945040e-04	
  -3.1850000e-01	   3.4226460e-04	
  -3.1800000e-01	   3.4509740e-04	
  -3.1750000e-01	   3.4811320e-04	
  -3.1700000e-01	   3.5094580e-04	
  -3.1650000e-01	   3.5377110e-04	
  -3.1600000e-01	   3.5659590e-04	
  -3.1550000e-01	   3.5943030e-04	
  -3.1500000e-01	   3.6228610e-04	
  -3.1450000e-01	   3.6517670e-04	
  -3.1400000e-01	   3.6829930e-04	
  -3.1350000e-01	   3.7128500e-04	
  -3.1300000e-01	   3.7429450e-04	
  -3.1250000e-01	   3.7732540e-04	
  -3.1200000e-01	   3.8026850e-04	
  -3.1150000e-01	   3.8322920e-04	
  -3.1100000e-01	   3.8623790e-04	
  -3.1050000e-01	   3.8951890e-04	
  -3.1000000e-01	   3.9262910e-04	
  -3.0950000e-01	   3.9575110e-04	
  -3.0900000e-01	   3.9888070e-04	
  -3.0850000e-01	   4.0201670e-04	
  -3.0800000e-01	   4.0516120e-04	
  -3.0750000e-01	   4.0831900e-04	
  -3.0700000e-01	   4.1149780e-04	
  -3.0650000e-01	   4.1454570e-04	
  -3.0600000e-01	   4.1785170e-04	
  -3.0550000e-01	   4.2121000e-04	
  -3.0500000e-01	   4.2454560e-04	
  -3.0450000e-01	   4.2774930e-04	
  -3.0400000e-01	   4.3099510e-04	
  -3.0350000e-01	   4.3429390e-04	
  -3.0300000e-01	   4.3779610e-04	
  -3.0250000e-01	   4.4120180e-04	
  -3.0200000e-01	   4.4462850e-04	
  -3.0150000e-01	   4.4806960e-04	
  -3.0100000e-01	   4.5152120e-04	
  -3.0050000e-01	   4.5498250e-04	
  -3.0000000e-01	   4.5845580e-04	
  -2.9950000e-01	   4.6180800e-04	
  -2.9900000e-01	   4.6536130e-04	
  -2.9850000e-01	   4.6895490e-04	
  -2.9800000e-01	   4.7257860e-04	
  -2.9750000e-01	   4.7608780e-04	
  -2.9700000e-01	   4.7956970e-04	
  -2.9650000e-01	   4.8311410e-04	
  -2.9600000e-01	   4.8704480e-04	
  -2.9550000e-01	   4.9073150e-04	
  -2.9500000e-01	   4.9444290e-04	
  -2.9450000e-01	   4.9817610e-04	
  -2.9400000e-01	   5.0192940e-04	
  -2.9350000e-01	   5.0570240e-04	
  -2.9300000e-01	   5.0949580e-04	
  -2.9250000e-01	   5.1331200e-04	
  -2.9200000e-01	   5.1684710e-04	
  -2.9150000e-01	   5.2079730e-04	
  -2.9100000e-01	   5.2481480e-04	
  -2.9050000e-01	   5.2885710e-04	
  -2.9000000e-01	   5.3268530e-04	
  -2.8950000e-01	   5.3655750e-04	
  -2.8900000e-01	   5.4049240e-04	
  -2.8850000e-01	   5.4480790e-04	
  -2.8800000e-01	   5.4886320e-04	
  -2.8750000e-01	   5.5294060e-04	
  -2.8700000e-01	   5.5703920e-04	
  -2.8650000e-01	   5.6115920e-04	
  -2.8600000e-01	   5.6530260e-04	
  -2.8550000e-01	   5.6947280e-04	
  -2.8500000e-01	   5.7342320e-04	
  -2.8450000e-01	   5.7770560e-04	
  -2.8400000e-01	   5.8205990e-04	
  -2.8350000e-01	   5.8647110e-04	
  -2.8300000e-01	   5.9080280e-04	
  -2.8250000e-01	   5.9504890e-04	
  -2.8200000e-01	   5.9935320e-04	
  -2.8150000e-01	   6.0372980e-04	
  -2.8100000e-01	   6.0834700e-04	
  -2.8050000e-01	   6.1285930e-04	
  -2.8000000e-01	   6.1741080e-04	
  -2.7950000e-01	   6.2199420e-04	
  -2.7900000e-01	   6.2660310e-04	
  -2.7850000e-01	   6.3123260e-04	
  -2.7800000e-01	   6.3587940e-04	
  -2.7750000e-01	   6.4023770e-04	
  -2.7700000e-01	   6.4497790e-04	
  -2.7650000e-01	   6.4978020e-04	
  -2.7600000e-01	   6.5463280e-04	
  -2.7550000e-01	   6.5946060e-04	
  -2.7500000e-01	   6.6430670e-04	
  -2.7450000e-01	   6.6917640e-04	
  -2.7400000e-01	   6.7392610e-04	
  -2.7350000e-01	   6.7887840e-04	
  -2.7300000e-01	   6.8387500e-04	
  -2.7250000e-01	   6.8891010e-04	
  -2.7200000e-01	   6.9397870e-04	
  -2.7150000e-01	   6.9907670e-04	
  -2.7100000e-01	   7.0420170e-04	
  -2.7050000e-01	   7.0935250e-04	
  -2.7000000e-01	   7.1449130e-04	
  -2.6950000e-01	   7.1970920e-04	
  -2.6900000e-01	   7.2496170e-04	
  -2.6850000e-01	   7.3023720e-04	
  -2.6800000e-01	   7.3552330e-04	
  -2.6750000e-01	   7.4085760e-04	
  -2.6700000e-01	   7.4624760e-04	
  -2.6650000e-01	   7.5186230e-04	
  -2.6600000e-01	   7.5734130e-04	
  -2.6550000e-01	   7.6285790e-04	
  -2.6500000e-01	   7.6841530e-04	
  -2.6450000e-01	   7.7401610e-04	
  -2.6400000e-01	   7.7966200e-04	
  -2.6350000e-01	   7.8535440e-04	
  -2.6300000e-01	   7.9095770e-04	
  -2.6250000e-01	   7.9676560e-04	
  -2.6200000e-01	   8.0263770e-04	
  -2.6150000e-01	   8.0856560e-04	
  -2.6100000e-01	   8.1442030e-04	
  -2.6050000e-01	   8.2028100e-04	
  -2.6000000e-01	   8.2621550e-04	
  -2.5950000e-01	   8.3250880e-04	
  -2.5900000e-01	   8.3858990e-04	
  -2.5850000e-01	   8.4471930e-04	
  -2.5800000e-01	   8.5090050e-04	
  -2.5750000e-01	   8.5713500e-04	
  -2.5700000e-01	   8.6342260e-04	
  -2.5650000e-01	   8.6976140e-04	
  -2.5600000e-01	   8.7614790e-04	
  -2.5550000e-01	   8.8212540e-04	
  -2.5500000e-01	   8.8868320e-04	
  -2.5450000e-01	   8.9535200e-04	
  -2.5400000e-01	   9.0208990e-04	
  -2.5350000e-01	   9.0873200e-04	
  -2.5300000e-01	   9.1541840e-04	
  -2.5250000e-01	   9.2214890e-04	
  -2.5200000e-01	   9.2878600e-04	
  -2.5150000e-01	   9.3563350e-04	
  -2.5100000e-01	   9.4254860e-04	
  -2.5050000e-01	   9.4952750e-04	
  -2.5000000e-01	   9.5656480e-04	
  -2.4950000e-01	   9.6365430e-04	
  -2.4900000e-01	   9.7078910e-04	
  -2.4850000e-01	   9.7790470e-04	
  -2.4800000e-01	   9.8510610e-04	
  -2.4750000e-01	   9.9235240e-04	
  -2.4700000e-01	   9.9964790e-04	
  -2.4650000e-01	   1.0070520e-03	
  -2.4600000e-01	   1.0145620e-03	
  -2.4550000e-01	   1.0221190e-03	
  -2.4500000e-01	   1.0297100e-03	
  -2.4450000e-01	   1.0371320e-03	
  -2.4400000e-01	   1.0448140e-03	
  -2.4350000e-01	   1.0525630e-03	
  -2.4300000e-01	   1.0603790e-03	
  -2.4250000e-01	   1.0682630e-03	
  -2.4200000e-01	   1.0762120e-03	
  -2.4150000e-01	   1.0842230e-03	
  -2.4100000e-01	   1.0924320e-03	
  -2.4050000e-01	   1.1005190e-03	
  -2.4000000e-01	   1.1086450e-03	
  -2.3950000e-01	   1.1168190e-03	
  -2.3900000e-01	   1.1251840e-03	
  -2.3850000e-01	   1.1336190e-03	
  -2.3800000e-01	   1.1421090e-03	
  -2.3750000e-01	   1.1507180e-03	
  -2.3700000e-01	   1.1592860e-03	
  -2.3650000e-01	   1.1679050e-03	
  -2.3600000e-01	   1.1765870e-03	
  -2.3550000e-01	   1.1853410e-03	
  -2.3500000e-01	   1.1941780e-03	
  -2.3450000e-01	   1.2031060e-03	
  -2.3400000e-01	   1.2121300e-03	
  -2.3350000e-01	   1.2214380e-03	
  -2.3300000e-01	   1.2306130e-03	
  -2.3250000e-01	   1.2398580e-03	
  -2.3200000e-01	   1.2492020e-03	
  -2.3150000e-01	   1.2586750e-03	
  -2.3100000e-01	   1.2682140e-03	
  -2.3050000e-01	   1.2778160e-03	
  -2.3000000e-01	   1.2872890e-03	
  -2.2950000e-01	   1.2970490e-03	
  -2.2900000e-01	   1.3068960e-03	
  -2.2850000e-01	   1.3168270e-03	
  -2.2800000e-01	   1.3268410e-03	
  -2.2750000e-01	   1.3369350e-03	
  -2.2700000e-01	   1.3471090e-03	
  -2.2650000e-01	   1.3574910e-03	
  -2.2600000e-01	   1.3678010e-03	
  -2.2550000e-01	   1.3781760e-03	
  -2.2500000e-01	   1.3886270e-03	
  -2.2450000e-01	   1.3992250e-03	
  -2.2400000e-01	   1.4099350e-03	
  -2.2350000e-01	   1.4207330e-03	
  -2.2300000e-01	   1.4317050e-03	
  -2.2250000e-01	   1.4426690e-03	
  -2.2200000e-01	   1.4537120e-03	
  -2.2150000e-01	   1.4648380e-03	
  -2.2100000e-01	   1.4760550e-03	
  -2.2050000e-01	   1.4873710e-03	
  -2.2000000e-01	   1.4987940e-03	
  -2.1950000e-01	   1.5103330e-03	
  -2.1900000e-01	   1.5221530e-03	
  -2.1850000e-01	   1.5339170e-03	
  -2.1800000e-01	   1.5457840e-03	
  -2.1750000e-01	   1.5577470e-03	
  -2.1700000e-01	   1.5697500e-03	
  -2.1650000e-01	   1.5818810e-03	
  -2.1600000e-01	   1.5941470e-03	
  -2.1550000e-01	   1.6065780e-03	
  -2.1500000e-01	   1.6191270e-03	
  -2.1450000e-01	   1.6318050e-03	
  -2.1400000e-01	   1.6446060e-03	
  -2.1350000e-01	   1.6575220e-03	
  -2.1300000e-01	   1.6705460e-03	
  -2.1250000e-01	   1.6836700e-03	
  -2.1200000e-01	   1.6966950e-03	
  -2.1150000e-01	   1.7100200e-03	
  -2.1100000e-01	   1.7234680e-03	
  -2.1050000e-01	   1.7370390e-03	
  -2.1000000e-01	   1.7506940e-03	
  -2.0950000e-01	   1.7644470e-03	
  -2.0900000e-01	   1.7783420e-03	
  -2.0850000e-01	   1.7923860e-03	
  -2.0800000e-01	   1.8067820e-03	
  -2.0750000e-01	   1.8210780e-03	
  -2.0700000e-01	   1.8355000e-03	
  -2.0650000e-01	   1.8500550e-03	
  -2.0600000e-01	   1.8647480e-03	
  -2.0550000e-01	   1.8795830e-03	
  -2.0500000e-01	   1.8945610e-03	
  -2.0450000e-01	   1.9096200e-03	
  -2.0400000e-01	   1.9249010e-03	
  -2.0350000e-01	   1.9403360e-03	
  -2.0300000e-01	   1.9559190e-03	
  -2.0250000e-01	   1.9716310e-03	
  -2.0200000e-01	   1.9874810e-03	
  -2.0150000e-01	   2.0034710e-03	
  -2.0100000e-01	   2.0194680e-03	
  -2.0050000e-01	   2.0357590e-03	
  -2.0000000e-01	   2.0522110e-03	
  -1.9950000e-01	   2.0688230e-03	
  -1.9900000e-01	   2.0855910e-03	
  -1.9850000e-01	   2.1025140e-03	
  -1.9800000e-01	   2.1195870e-03	
  -1.9750000e-01	   2.1368260e-03	
  -1.9700000e-01	   2.1541940e-03	
  -1.9650000e-01	   2.1717100e-03	
  -1.9600000e-01	   2.1893780e-03	
  -1.9550000e-01	   2.2072090e-03	
  -1.9500000e-01	   2.2252190e-03	
  -1.9450000e-01	   2.2434050e-03	
  -1.9400000e-01	   2.2617760e-03	
  -1.9350000e-01	   2.2804920e-03	
  -1.9300000e-01	   2.2992070e-03	
  -1.9250000e-01	   2.3180990e-03	
  -1.9200000e-01	   2.3371730e-03	
  -1.9150000e-01	   2.3564360e-03	
  -1.9100000e-01	   2.3758910e-03	
  -1.9050000e-01	   2.3955410e-03	
  -1.9000000e-01	   2.4152730e-03	
  -1.8950000e-01	   2.4353270e-03	
  -1.8900000e-01	   2.4555930e-03	
  -1.8850000e-01	   2.4760670e-03	
  -1.8800000e-01	   2.4966310e-03	
  -1.8750000e-01	   2.5173680e-03	
  -1.8700000e-01	   2.5383320e-03	
  -1.8650000e-01	   2.5597870e-03	
  -1.8600000e-01	   2.5812040e-03	
  -1.8550000e-01	   2.6028310e-03	
  -1.8500000e-01	   2.6246740e-03	
  -1.8450000e-01	   2.6467370e-03	
  -1.8400000e-01	   2.6690220e-03	
  -1.8350000e-01	   2.6915300e-03	
  -1.8300000e-01	   2.7142590e-03	
  -1.8250000e-01	   2.7369410e-03	
  -1.8200000e-01	   2.7601620e-03	
  -1.8150000e-01	   2.7836410e-03	
  -1.8100000e-01	   2.8073450e-03	
  -1.8050000e-01	   2.8311690e-03	
  -1.8000000e-01	   2.8552360e-03	
  -1.7950000e-01	   2.8795530e-03	
  -1.7900000e-01	   2.9042510e-03	
  -1.7850000e-01	   2.9290560e-03	
  -1.7800000e-01	   2.9541040e-03	
  -1.7750000e-01	   2.9794010e-03	
  -1.7700000e-01	   3.0049540e-03	
  -1.7650000e-01	   3.0307660e-03	
  -1.7600000e-01	   3.0568410e-03	
  -1.7550000e-01	   3.0830480e-03	
  -1.7500000e-01	   3.1096720e-03	
  -1.7450000e-01	   3.1365840e-03	
  -1.7400000e-01	   3.1637810e-03	
  -1.7350000e-01	   3.1912590e-03	
  -1.7300000e-01	   3.2190090e-03	
  -1.7250000e-01	   3.2470210e-03	
  -1.7200000e-01	   3.2752900e-03	
  -1.7150000e-01	   3.3036330e-03	
  -1.7100000e-01	   3.3324700e-03	
  -1.7050000e-01	   3.3616010e-03	
  -1.7000000e-01	   3.3910260e-03	
  -1.6950000e-01	   3.4207470e-03	
  -1.6900000e-01	   3.4507660e-03	
  -1.6850000e-01	   3.4810850e-03	
  -1.6800000e-01	   3.5118110e-03	
  -1.6750000e-01	   3.5427240e-03	
  -1.6700000e-01	   3.5739360e-03	
  -1.6650000e-01	   3.6054570e-03	
  -1.6600000e-01	   3.6373690e-03	
  -1.6550000e-01	   3.6696050e-03	
  -1.6500000e-01	   3.7021660e-03	
  -1.6450000e-01	   3.7351080e-03	
  -1.6400000e-01	   3.7683240e-03	
  -1.6350000e-01	   3.8018680e-03	
  -1.6300000e-01	   3.8357470e-03	
  -1.6250000e-01	   3.8699700e-03	
  -1.6200000e-01	   3.9045480e-03	
  -1.6150000e-01	   3.9394900e-03	
  -1.6100000e-01	   3.9750340e-03	
  -1.6050000e-01	   4.0107260e-03	
  -1.6000000e-01	   4.0467720e-03	
  -1.5950000e-01	   4.0831820e-03	
  -1.5900000e-01	   4.1199580e-03	
  -1.5850000e-01	   4.1571090e-03	
  -1.5800000e-01	   4.1946610e-03	
  -1.5750000e-01	   4.2326270e-03	
  -1.5700000e-01	   4.2710540e-03	
  -1.5650000e-01	   4.3098640e-03	
  -1.5600000e-01	   4.3490870e-03	
  -1.5550000e-01	   4.3887220e-03	
  -1.5500000e-01	   4.4287670e-03	
  -1.5450000e-01	   4.4692220e-03	
  -1.5400000e-01	   4.5100890e-03	
  -1.5350000e-01	   4.5512770e-03	
  -1.5300000e-01	   4.5929950e-03	
  -1.5250000e-01	   4.6351510e-03	
  -1.5200000e-01	   4.6777510e-03	
  -1.5150000e-01	   4.7208290e-03	
  -1.5100000e-01	   4.7643600e-03	
  -1.5050000e-01	   4.8083360e-03	
  -1.5000000e-01	   4.8527080e-03	
  -1.4950000e-01	   4.8975860e-03	
  -1.4900000e-01	   4.9429250e-03	
  -1.4850000e-01	   4.9887310e-03	
  -1.4800000e-01	   5.0350130e-03	
  -1.4750000e-01	   5.0817800e-03	
  -1.4700000e-01	   5.1290460e-03	
  -1.4650000e-01	   5.1768210e-03	
  -1.4600000e-01	   5.2252500e-03	
  -1.4550000e-01	   5.2740670e-03	
  -1.4500000e-01	   5.3233990e-03	
  -1.4450000e-01	   5.3732450e-03	
  -1.4400000e-01	   5.4235930e-03	
  -1.4350000e-01	   5.4744830e-03	
  -1.4300000e-01	   5.5259250e-03	
  -1.4250000e-01	   5.5780430e-03	
  -1.4200000e-01	   5.6305960e-03	
  -1.4150000e-01	   5.6836990e-03	
  -1.4100000e-01	   5.7373580e-03	
  -1.4050000e-01	   5.7915820e-03	
  -1.4000000e-01	   5.8463800e-03	
  -1.3950000e-01	   5.9017630e-03	
  -1.3900000e-01	   5.9576690e-03	
  -1.3850000e-01	   6.0142800e-03	
  -1.3800000e-01	   6.0715140e-03	
  -1.3750000e-01	   6.1293720e-03	
  -1.3700000e-01	   6.1875800e-03	
  -1.3650000e-01	   6.2462750e-03	
  -1.3600000e-01	   6.3057100e-03	
  -1.3550000e-01	   6.3659240e-03	
  -1.3500000e-01	   6.4277020e-03	
  -1.3450000e-01	   6.4892960e-03	
  -1.3400000e-01	   6.5515440e-03	
  -1.3350000e-01	   6.6144480e-03	
  -1.3300000e-01	   6.6779760e-03	
  -1.3250000e-01	   6.7421980e-03	
  -1.3200000e-01	   6.8071120e-03	
  -1.3150000e-01	   6.8727250e-03	
  -1.3100000e-01	   6.9390520e-03	
  -1.3050000e-01	   7.0060770e-03	
  -1.3000000e-01	   7.0738220e-03	
  -1.2950000e-01	   7.1423240e-03	
  -1.2900000e-01	   7.2115450e-03	
  -1.2850000e-01	   7.2815100e-03	
  -1.2800000e-01	   7.3522010e-03	
  -1.2750000e-01	   7.4236500e-03	
  -1.2700000e-01	   7.4958540e-03	
  -1.2650000e-01	   7.5688130e-03	
  -1.2600000e-01	   7.6425410e-03	
  -1.2550000e-01	   7.7170550e-03	
  -1.2500000e-01	   7.7923480e-03	
  -1.2450000e-01	   7.8684310e-03	
  -1.2400000e-01	   7.9453280e-03	
  -1.2350000e-01	   8.0230120e-03	
  -1.2300000e-01	   8.1015290e-03	
  -1.2250000e-01	   8.1808570e-03	
  -1.2200000e-01	   8.2610320e-03	
  -1.2150000e-01	   8.3420290e-03	
  -1.2100000e-01	   8.4238770e-03	
  -1.2050000e-01	   8.5065890e-03	
  -1.2000000e-01	   8.5901510e-03	
  -1.1950000e-01	   8.6745970e-03	
  -1.1900000e-01	   8.7599200e-03	
  -1.1850000e-01	   8.8461160e-03	
  -1.1800000e-01	   8.9332180e-03	
  -1.1750000e-01	   9.0212100e-03	
  -1.1700000e-01	   9.1101350e-03	
  -1.1650000e-01	   9.1999530e-03	
  -1.1600000e-01	   9.2907150e-03	
  -1.1550000e-01	   9.3824100e-03	
  -1.1500000e-01	   9.4750450e-03	
  -1.1450000e-01	   9.5686250e-03	
  -1.1400000e-01	   9.6631720e-03	
  -1.1350000e-01	   9.7586810e-03	
  -1.1300000e-01	   9.8551610e-03	
  -1.1250000e-01	   9.9526330e-03	
  -1.1200000e-01	   1.0051090e-02	
  -1.1150000e-01	   1.0150530e-02	
  -1.1100000e-01	   1.0251000e-02	
  -1.1050000e-01	   1.0352470e-02	
  -1.1000000e-01	   1.0454970e-02	
  -1.0950000e-01	   1.0558490e-02	
  -1.0900000e-01	   1.0663050e-02	
  -1.0850000e-01	   1.0768660e-02	
  -1.0800000e-01	   1.0875320e-02	
  -1.0750000e-01	   1.0983030e-02	
  -1.0700000e-01	   1.1091820e-02	
  -1.0650000e-01	   1.1201680e-02	
  -1.0600000e-01	   1.1312620e-02	
  -1.0550000e-01	   1.1424660e-02	
  -1.0500000e-01	   1.1537800e-02	
  -1.0450000e-01	   1.1652030e-02	
  -1.0400000e-01	   1.1767370e-02	
  -1.0350000e-01	   1.1883840e-02	
  -1.0300000e-01	   1.2001430e-02	
  -1.0250000e-01	   1.2120150e-02	
  -1.0200000e-01	   1.2240020e-02	
  -1.0150000e-01	   1.2361030e-02	
  -1.0100000e-01	   1.2483180e-02	
  -1.0050000e-01	   1.2606500e-02	
  -1.0000000e-01	   1.2730990e-02	
  -9.9500000e-02	   1.2856640e-02	
  -9.9000000e-02	   1.2983470e-02	
  -9.8500000e-02	   1.3111480e-02	
  -9.8000000e-02	   1.3240690e-02	
  -9.7500000e-02	   1.3371080e-02	
  -9.7000000e-02	   1.3502690e-02	
  -9.6500000e-02	   1.3635490e-02	
  -9.6000000e-02	   1.3769510e-02	
  -9.5500000e-02	   1.3904730e-02	
  -9.5000000e-02	   1.4041170e-02	
  -9.4500000e-02	   1.4178850e-02	
  -9.4000000e-02	   1.4317740e-02	
  -9.3500000e-02	   1.4457880e-02	
  -9.3000000e-02	   1.4599240e-02	
  -9.2500000e-02	   1.4741860e-02	
  -9.2000000e-02	   1.4885710e-02	
  -9.1500000e-02	   1.5030790e-02	
  -9.1000000e-02	   1.5177160e-02	
  -9.0500000e-02	   1.5324740e-02	
  -9.0000000e-02	   1.5473600e-02	
  -8.9500000e-02	   1.5623720e-02	
  -8.9000000e-02	   1.5775080e-02	
  -8.8500000e-02	   1.5927710e-02	
  -8.8000000e-02	   1.6081590e-02	
  -8.7500000e-02	   1.6236760e-02	
  -8.7000000e-02	   1.6393160e-02	
  -8.6500000e-02	   1.6550850e-02	
  -8.6000000e-02	   1.6709790e-02	
  -8.5500000e-02	   1.6869990e-02	
  -8.5000000e-02	   1.7031460e-02	
  -8.4500000e-02	   1.7194190e-02	
  -8.4000000e-02	   1.7358180e-02	
  -8.3500000e-02	   1.7523420e-02	
  -8.3000000e-02	   1.7689930e-02	
  -8.2500000e-02	   1.7857680e-02	
  -8.2000000e-02	   1.8026690e-02	
  -8.1500000e-02	   1.8196940e-02	
  -8.1000000e-02	   1.8368440e-02	
  -8.0500000e-02	   1.8541180e-02	
  -8.0000000e-02	   1.8715150e-02	
  -7.9500000e-02	   1.8890350e-02	
  -7.9000000e-02	   1.9066780e-02	
  -7.8500000e-02	   1.9244430e-02	
  -7.8000000e-02	   1.9423290e-02	
  -7.7500000e-02	   1.9603340e-02	
  -7.7000000e-02	   1.9784610e-02	
  -7.6500000e-02	   1.9967070e-02	
  -7.6000000e-02	   2.0150690e-02	
  -7.5500000e-02	   2.0335510e-02	
  -7.5000000e-02	   2.0521480e-02	
  -7.4500000e-02	   2.0708610e-02	
  -7.4000000e-02	   2.0896880e-02	
  -7.3500000e-02	   2.1086280e-02	
  -7.3000000e-02	   2.1276800e-02	
  -7.2500000e-02	   2.1468440e-02	
  -7.2000000e-02	   2.1661170e-02	
  -7.1500000e-02	   2.1854980e-02	
  -7.1000000e-02	   2.2049880e-02	
  -7.0500000e-02	   2.2245830e-02	
  -7.0000000e-02	   2.2442810e-02	
  -6.9500000e-02	   2.2640820e-02	
  -6.9000000e-02	   2.2839840e-02	
  -6.8500000e-02	   2.3039860e-02	
  -6.8000000e-02	   2.3240850e-02	
  -6.7500000e-02	   2.3442810e-02	
  -6.7000000e-02	   2.3645700e-02	
  -6.6500000e-02	   2.3849520e-02	
  -6.6000000e-02	   2.4054240e-02	
  -6.5500000e-02	   2.4259830e-02	
  -6.5000000e-02	   2.4466300e-02	
  -6.4500000e-02	   2.4673600e-02	
  -6.4000000e-02	   2.4881720e-02	
  -6.3500000e-02	   2.5090630e-02	
  -6.3000000e-02	   2.5300330e-02	
  -6.2500000e-02	   2.5510750e-02	
  -6.2000000e-02	   2.5721900e-02	
  -6.1500000e-02	   2.5933770e-02	
  -6.1000000e-02	   2.6146290e-02	
  -6.0500000e-02	   2.6359470e-02	
  -6.0000000e-02	   2.6573260e-02	
  -5.9500000e-02	   2.6787650e-02	
  -5.9000000e-02	   2.7002590e-02	
  -5.8500000e-02	   2.7218060e-02	
  -5.8000000e-02	   2.7434050e-02	
  -5.7500000e-02	   2.7650500e-02	
  -5.7000000e-02	   2.7867400e-02	
  -5.6500000e-02	   2.8084710e-02	
  -5.6000000e-02	   2.8302400e-02	
  -5.5500000e-02	   2.8520440e-02	
  -5.5000000e-02	   2.8738780e-02	
  -5.4500000e-02	   2.8957410e-02	
  -5.4000000e-02	   2.9176280e-02	
  -5.3500000e-02	   2.9395360e-02	
  -5.3000000e-02	   2.9614610e-02	
  -5.2500000e-02	   2.9834000e-02	
  -5.2000000e-02	   3.0053490e-02	
  -5.1500000e-02	   3.0273050e-02	
  -5.1000000e-02	   3.0492620e-02	
  -5.0500000e-02	   3.0712180e-02	
  -5.0000000e-02	   3.0931700e-02	
  -4.9500000e-02	   3.1151120e-02	
  -4.9000000e-02	   3.1370400e-02	
  -4.8500000e-02	   3.1589520e-02	
  -4.8000000e-02	   3.1808410e-02	
  -4.7500000e-02	   3.2027060e-02	
  -4.7000000e-02	   3.2245410e-02	
  -4.6500000e-02	   3.2463420e-02	
  -4.6000000e-02	   3.2681040e-02	
  -4.5500000e-02	   3.2898240e-02	
  -4.5000000e-02	   3.3114960e-02	
  -4.4500000e-02	   3.3331170e-02	
  -4.4000000e-02	   3.3546840e-02	
  -4.3500000e-02	   3.3761890e-02	
  -4.3000000e-02	   3.3976300e-02	
  -4.2500000e-02	   3.4190000e-02	
  -4.2000000e-02	   3.4402980e-02	
  -4.1500000e-02	   3.4615160e-02	
  -4.1000000e-02	   3.4826520e-02	
  -4.0500000e-02	   3.5036990e-02	
  -4.0000000e-02	   3.5246540e-02	
  -3.9500000e-02	   3.5455120e-02	
  -3.9000000e-02	   3.5662680e-02	
  -3.8500000e-02	   3.5869170e-02	
  -3.8000000e-02	   3.6074550e-02	
  -3.7500000e-02	   3.6278760e-02	
  -3.7000000e-02	   3.6481770e-02	
  -3.6500000e-02	   3.6683520e-02	
  -3.6000000e-02	   3.6883960e-02	
  -3.5500000e-02	   3.7083050e-02	
  -3.5000000e-02	   3.7280740e-02	
  -3.4500000e-02	   3.7476970e-02	
  -3.4000000e-02	   3.7671710e-02	
  -3.3500000e-02	   3.7864900e-02	
  -3.3000000e-02	   3.8056500e-02	
  -3.2500000e-02	   3.8246450e-02	
  -3.2000000e-02	   3.8434730e-02	
  -3.1500000e-02	   3.8621260e-02	
  -3.1000000e-02	   3.8806010e-02	
  -3.0500000e-02	   3.8988920e-02	
  -3.0000000e-02	   3.9169950e-02	
  -2.9500000e-02	   3.9349060e-02	
  -2.9000000e-02	   3.9526190e-02	
  -2.8500000e-02	   3.9701310e-02	
  -2.8000000e-02	   3.9874370e-02	
  -2.7500000e-02	   4.0045310e-02	
  -2.7000000e-02	   4.0214080e-02	
  -2.6500000e-02	   4.0380660e-02	
  -2.6000000e-02	   4.0544990e-02	
  -2.5500000e-02	   4.0707040e-02	
  -2.5000000e-02	   4.0866750e-02	
  -2.4500000e-02	   4.1024090e-02	
  -2.4000000e-02	   4.1178990e-02	
  -2.3500000e-02	   4.1331430e-02	
  -2.3000000e-02	   4.1481370e-02	
  -2.2500000e-02	   4.1628760e-02	
  -2.2000000e-02	   4.1773560e-02	
  -2.1500000e-02	   4.1915730e-02	
  -2.1000000e-02	   4.2055230e-02	
  -2.0500000e-02	   4.2192040e-02	
  -2.0000000e-02	   4.2326070e-02	
  -1.9500000e-02	   4.2457350e-02	
  -1.9000000e-02	   4.2585770e-02	
  -1.8500000e-02	   4.2711350e-02	
  -1.8000000e-02	   4.2834040e-02	
  -1.7500000e-02	   4.2953800e-02	
  -1.7000000e-02	   4.3070600e-02	
  -1.6500000e-02	   4.3184380e-02	
  -1.6000000e-02	   4.3295170e-02	
  -1.5500000e-02	   4.3402850e-02	
  -1.5000000e-02	   4.3507460e-02	
  -1.4500000e-02	   4.3608940e-02	
  -1.4000000e-02	   4.3707270e-02	
  -1.3500000e-02	   4.3802420e-02	
  -1.3000000e-02	   4.3894340e-02	
  -1.2500000e-02	   4.3983050e-02	
  -1.2000000e-02	   4.4068470e-02	
  -1.1500000e-02	   4.4150610e-02	
  -1.1000000e-02	   4.4229440e-02	
  -1.0500000e-02	   4.4304940e-02	
  -1.0000000e-02	   4.4377080e-02	
  -9.5000000e-03	   4.4445820e-02	
  -9.0000000e-03	   4.4511180e-02	
  -8.5000000e-03	   4.4573110e-02	
  -8.0000000e-03	   4.4631590e-02	
  -7.5000000e-03	   4.4686620e-02	
  -7.0000000e-03	   4.4738190e-02	
  -6.5000000e-03	   4.4786280e-02	
  -6.0000000e-03	   4.4830830e-02	
  -5.5000000e-03	   4.4871900e-02	
  -5.0000000e-03	   4.4909430e-02	
  -4.5000000e-03	   4.4943400e-02	
  -4.0000000e-03	   4.4973830e-02	
  -3.5000000e-03	   4.5000710e-02	
  -3.0000000e-03	   4.5024020e-02	
  -2.5000000e-03	   4.5043760e-02	
  -2.0000000e-03	   4.5059930e-02	
  -1.5000000e-03	   4.5072500e-02	
  -1.0000000e-03	   4.5081470e-02	
  -5.0000000e-04	   4.5086870e-02	
  -1.3374020e-15	   4.5088660e-02	
   5.0000000e-04	   4.5086870e-02	
   1.0000000e-03	   4.5081480e-02	
   1.5000000e-03	   4.5072510e-02	
   2.0000000e-03	   4.5059950e-02	
   2.5000000e-03	   4.5043780e-02	
   3.0000000e-03	   4.5024050e-02	
   3.5000000e-03	   4.5000730e-02	
   4.0000000e-03	   4.4973860e-02	
   4.5000000e-03	   4.4943430e-02	
   5.0000000e-03	   4.4909460e-02	
   5.5000000e-03	   4.4871940e-02	
   6.0000000e-03	   4.4830870e-02	
   6.5000000e-03	   4.4786320e-02	
   7.0000000e-03	   4.4738230e-02	
   7.5000000e-03	   4.4686680e-02	
   8.0000000e-03	   4.4631650e-02	
   8.5000000e-03	   4.4573160e-02	
   9.0000000e-03	   4.4511250e-02	
   9.5000000e-03	   4.4445880e-02	
   1.0000000e-02	   4.4377150e-02	
   1.0500000e-02	   4.4305000e-02	
   1.1000000e-02	   4.4229510e-02	
   1.1500000e-02	   4.4150690e-02	
   1.2000000e-02	   4.4068550e-02	
   1.2500000e-02	   4.3983130e-02	
   1.3000000e-02	   4.3894430e-02	
   1.3500000e-02	   4.3802510e-02	
   1.4000000e-02	   4.3707360e-02	
   1.4500000e-02	   4.3609030e-02	
   1.5000000e-02	   4.3507560e-02	
   1.5500000e-02	   4.3402950e-02	
   1.6000000e-02	   4.3295270e-02	
   1.6500000e-02	   4.3184490e-02	
   1.7000000e-02	   4.3070710e-02	
   1.7500000e-02	   4.2953920e-02	
   1.8000000e-02	   4.2834160e-02	
   1.8500000e-02	   4.2711470e-02	
   1.9000000e-02	   4.2585900e-02	
   1.9500000e-02	   4.2457470e-02	
   2.0000000e-02	   4.2326200e-02	
   2.0500000e-02	   4.2192160e-02	
   2.1000000e-02	   4.2055370e-02	
   2.1500000e-02	   4.1915860e-02	
   2.2000000e-02	   4.1773690e-02	
   2.2500000e-02	   4.1628890e-02	
   2.3000000e-02	   4.1481510e-02	
   2.3500000e-02	   4.1331570e-02	
   2.4000000e-02	   4.1179140e-02	
   2.4500000e-02	   4.1024240e-02	
   2.5000000e-02	   4.0866900e-02	
   2.5500000e-02	   4.0707200e-02	
   2.6000000e-02	   4.0545150e-02	
   2.6500000e-02	   4.0380820e-02	
   2.7000000e-02	   4.0214250e-02	
   2.7500000e-02	   4.0045480e-02	
   2.8000000e-02	   3.9874540e-02	
   2.8500000e-02	   3.9701480e-02	
   2.9000000e-02	   3.9526370e-02	
   2.9500000e-02	   3.9349240e-02	
   3.0000000e-02	   3.9170130e-02	
   3.0500000e-02	   3.8989100e-02	
   3.1000000e-02	   3.8806200e-02	
   3.1500000e-02	   3.8621460e-02	
   3.2000000e-02	   3.8434920e-02	
   3.2500000e-02	   3.8246660e-02	
   3.3000000e-02	   3.8056700e-02	
   3.3500000e-02	   3.7865100e-02	
   3.4000000e-02	   3.7671910e-02	
   3.4500000e-02	   3.7477180e-02	
   3.5000000e-02	   3.7280950e-02	
   3.5500000e-02	   3.7083260e-02	
   3.6000000e-02	   3.6884180e-02	
   3.6500000e-02	   3.6683730e-02	
   3.7000000e-02	   3.6481990e-02	
   3.7500000e-02	   3.6278980e-02	
   3.8000000e-02	   3.6074770e-02	
   3.8500000e-02	   3.5869400e-02	
   3.9000000e-02	   3.5662900e-02	
   3.9500000e-02	   3.5455350e-02	
   4.0000000e-02	   3.5246770e-02	
   4.0500000e-02	   3.5037220e-02	
   4.1000000e-02	   3.4826750e-02	
   4.1500000e-02	   3.4615400e-02	
   4.2000000e-02	   3.4403210e-02	
   4.2500000e-02	   3.4190240e-02	
   4.3000000e-02	   3.3976540e-02	
   4.3500000e-02	   3.3762130e-02	
   4.4000000e-02	   3.3547080e-02	
   4.4500000e-02	   3.3331420e-02	
   4.5000000e-02	   3.3115210e-02	
   4.5500000e-02	   3.2898490e-02	
   4.6000000e-02	   3.2681290e-02	
   4.6500000e-02	   3.2463670e-02	
   4.7000000e-02	   3.2245670e-02	
   4.7500000e-02	   3.2027320e-02	
   4.8000000e-02	   3.1808680e-02	
   4.8500000e-02	   3.1589780e-02	
   4.9000000e-02	   3.1370670e-02	
   4.9500000e-02	   3.1151380e-02	
   5.0000000e-02	   3.0931970e-02	
   5.0500000e-02	   3.0712460e-02	
   5.1000000e-02	   3.0492890e-02	
   5.1500000e-02	   3.0273320e-02	
   5.2000000e-02	   3.0053770e-02	
   5.2500000e-02	   2.9834280e-02	
   5.3000000e-02	   2.9614890e-02	
   5.3500000e-02	   2.9395640e-02	
   5.4000000e-02	   2.9176560e-02	
   5.4500000e-02	   2.8957690e-02	
   5.5000000e-02	   2.8739060e-02	
   5.5500000e-02	   2.8520720e-02	
   5.6000000e-02	   2.8302680e-02	
   5.6500000e-02	   2.8085000e-02	
   5.7000000e-02	   2.7867690e-02	
   5.7500000e-02	   2.7650790e-02	
   5.8000000e-02	   2.7434340e-02	
   5.8500000e-02	   2.7218350e-02	
   5.9000000e-02	   2.7002880e-02	
   5.9500000e-02	   2.6787930e-02	
   6.0000000e-02	   2.6573550e-02	
   6.0500000e-02	   2.6359760e-02	
   6.1000000e-02	   2.6146580e-02	
   6.1500000e-02	   2.5934060e-02	
   6.2000000e-02	   2.5722200e-02	
   6.2500000e-02	   2.5511040e-02	
   6.3000000e-02	   2.5300610e-02	
   6.3500000e-02	   2.5090920e-02	
   6.4000000e-02	   2.4882010e-02	
   6.4500000e-02	   2.4673890e-02	
   6.5000000e-02	   2.4466590e-02	
   6.5500000e-02	   2.4260120e-02	
   6.6000000e-02	   2.4054530e-02	
   6.6500000e-02	   2.3849810e-02	
   6.7000000e-02	   2.3646000e-02	
   6.7500000e-02	   2.3443100e-02	
   6.8000000e-02	   2.3241140e-02	
   6.8500000e-02	   2.3040150e-02	
   6.9000000e-02	   2.2840130e-02	
   6.9500000e-02	   2.2641110e-02	
   7.0000000e-02	   2.2443100e-02	
   7.0500000e-02	   2.2246120e-02	
   7.1000000e-02	   2.2050170e-02	
   7.1500000e-02	   2.1855280e-02	
   7.2000000e-02	   2.1661460e-02	
   7.2500000e-02	   2.1468730e-02	
   7.3000000e-02	   2.1277090e-02	
   7.3500000e-02	   2.1086570e-02	
   7.4000000e-02	   2.0897170e-02	
   7.4500000e-02	   2.0708900e-02	
   7.5000000e-02	   2.0521770e-02	
   7.5500000e-02	   2.0335800e-02	
   7.6000000e-02	   2.0150980e-02	
   7.6500000e-02	   1.9967350e-02	
   7.7000000e-02	   1.9784900e-02	
   7.7500000e-02	   1.9603640e-02	
   7.8000000e-02	   1.9423570e-02	
   7.8500000e-02	   1.9244710e-02	
   7.9000000e-02	   1.9067070e-02	
   7.9500000e-02	   1.8890640e-02	
   8.0000000e-02	   1.8715430e-02	
   8.0500000e-02	   1.8541460e-02	
   8.1000000e-02	   1.8368730e-02	
   8.1500000e-02	   1.8197230e-02	
   8.2000000e-02	   1.8026970e-02	
   8.2500000e-02	   1.7857970e-02	
   8.3000000e-02	   1.7690210e-02	
   8.3500000e-02	   1.7523700e-02	
   8.4000000e-02	   1.7358460e-02	
   8.4500000e-02	   1.7194460e-02	
   8.5000000e-02	   1.7031740e-02	
   8.5500000e-02	   1.6870270e-02	
   8.6000000e-02	   1.6710070e-02	
   8.6500000e-02	   1.6551120e-02	
   8.7000000e-02	   1.6393440e-02	
   8.7500000e-02	   1.6237030e-02	
   8.8000000e-02	   1.6081870e-02	
   8.8500000e-02	   1.5927990e-02	
   8.9000000e-02	   1.5775360e-02	
   8.9500000e-02	   1.5623990e-02	
   9.0000000e-02	   1.5473880e-02	
   9.0500000e-02	   1.5325020e-02	
   9.1000000e-02	   1.5177430e-02	
   9.1500000e-02	   1.5031070e-02	
   9.2000000e-02	   1.4885980e-02	
   9.2500000e-02	   1.4742130e-02	
   9.3000000e-02	   1.4599520e-02	
   9.3500000e-02	   1.4458150e-02	
   9.4000000e-02	   1.4318010e-02	
   9.4500000e-02	   1.4179120e-02	
   9.5000000e-02	   1.4041440e-02	
   9.5500000e-02	   1.3905000e-02	
   9.6000000e-02	   1.3769770e-02	
   9.6500000e-02	   1.3635750e-02	
   9.7000000e-02	   1.3502950e-02	
   9.7500000e-02	   1.3371350e-02	
   9.8000000e-02	   1.3240950e-02	
   9.8500000e-02	   1.3111740e-02	
   9.9000000e-02	   1.2983730e-02	
   9.9500000e-02	   1.2856900e-02	
   1.0000000e-01	   1.2731240e-02	
   1.0050000e-01	   1.2606760e-02	
   1.0100000e-01	   1.2483440e-02	
   1.0150000e-01	   1.2361280e-02	
   1.0200000e-01	   1.2240260e-02	
   1.0250000e-01	   1.2120400e-02	
   1.0300000e-01	   1.2001680e-02	
   1.0350000e-01	   1.1884090e-02	
   1.0400000e-01	   1.1767620e-02	
   1.0450000e-01	   1.1652270e-02	
   1.0500000e-01	   1.1538030e-02	
   1.0550000e-01	   1.1424900e-02	
   1.0600000e-01	   1.1312860e-02	
   1.0650000e-01	   1.1201920e-02	
   1.0700000e-01	   1.1092060e-02	
   1.0750000e-01	   1.0983270e-02	
   1.0800000e-01	   1.0875550e-02	
   1.0850000e-01	   1.0768890e-02	
   1.0900000e-01	   1.0663290e-02	
   1.0950000e-01	   1.0558720e-02	
   1.1000000e-01	   1.0455200e-02	
   1.1050000e-01	   1.0352700e-02	
   1.1100000e-01	   1.0251230e-02	
   1.1150000e-01	   1.0150770e-02	
   1.1200000e-01	   1.0051320e-02	
   1.1250000e-01	   9.9528590e-03	
   1.1300000e-01	   9.8553920e-03	
   1.1350000e-01	   9.7589130e-03	
   1.1400000e-01	   9.6633980e-03	
   1.1450000e-01	   9.5688590e-03	
   1.1500000e-01	   9.4752760e-03	
   1.1550000e-01	   9.3826420e-03	
   1.1600000e-01	   9.2909490e-03	
   1.1650000e-01	   9.2001890e-03	
   1.1700000e-01	   9.1103610e-03	
   1.1750000e-01	   9.0214440e-03	
   1.1800000e-01	   8.9334440e-03	
   1.1850000e-01	   8.8463460e-03	
   1.1900000e-01	   8.7601400e-03	
   1.1950000e-01	   8.6748200e-03	
   1.2000000e-01	   8.5903740e-03	
   1.2050000e-01	   8.5068110e-03	
   1.2100000e-01	   8.4240990e-03	
   1.2150000e-01	   8.3422500e-03	
   1.2200000e-01	   8.2612460e-03	
   1.2250000e-01	   8.1810790e-03	
   1.2300000e-01	   8.1017450e-03	
   1.2350000e-01	   8.0232290e-03	
   1.2400000e-01	   7.9455390e-03	
   1.2450000e-01	   7.8686470e-03	
   1.2500000e-01	   7.7925610e-03	
   1.2550000e-01	   7.7172700e-03	
   1.2600000e-01	   7.6427600e-03	
   1.2650000e-01	   7.5690280e-03	
   1.2700000e-01	   7.4960650e-03	
   1.2750000e-01	   7.4238640e-03	
   1.2800000e-01	   7.3524120e-03	
   1.2850000e-01	   7.2817190e-03	
   1.2900000e-01	   7.2117580e-03	
   1.2950000e-01	   7.1425330e-03	
   1.3000000e-01	   7.0740380e-03	
   1.3050000e-01	   7.0062780e-03	
   1.3100000e-01	   6.9392230e-03	
   1.3150000e-01	   6.8728930e-03	
   1.3200000e-01	   6.8072760e-03	
   1.3250000e-01	   6.7423660e-03	
   1.3300000e-01	   6.6781560e-03	
   1.3350000e-01	   6.6146530e-03	
   1.3400000e-01	   6.5517190e-03	
   1.3450000e-01	   6.4894540e-03	
   1.3500000e-01	   6.4278540e-03	
   1.3550000e-01	   6.3660810e-03	
   1.3600000e-01	   6.3058940e-03	
   1.3650000e-01	   6.2464920e-03	
   1.3700000e-01	   6.1878320e-03	
   1.3750000e-01	   6.1295660e-03	
   1.3800000e-01	   6.0717400e-03	
   1.3850000e-01	   6.0145300e-03	
   1.3900000e-01	   5.9579320e-03	
   1.3950000e-01	   5.9019820e-03	
   1.4000000e-01	   5.8465850e-03	
   1.4050000e-01	   5.7917710e-03	
   1.4100000e-01	   5.7375330e-03	
   1.4150000e-01	   5.6838630e-03	
   1.4200000e-01	   5.6307540e-03	
   1.4250000e-01	   5.5781990e-03	
   1.4300000e-01	   5.5261390e-03	
   1.4350000e-01	   5.4746900e-03	
   1.4400000e-01	   5.4237840e-03	
   1.4450000e-01	   5.3734080e-03	
   1.4500000e-01	   5.3235310e-03	
   1.4550000e-01	   5.2741800e-03	
   1.4600000e-01	   5.2253530e-03	
   1.4650000e-01	   5.1770890e-03	
   1.4700000e-01	   5.1292890e-03	
   1.4750000e-01	   5.0819890e-03	
   1.4800000e-01	   5.0351840e-03	
   1.4850000e-01	   4.9888660e-03	
   1.4900000e-01	   4.9430300e-03	
   1.4950000e-01	   4.8976730e-03	
   1.5000000e-01	   4.8527490e-03	
   1.5050000e-01	   4.8083420e-03	
   1.5100000e-01	   4.7644040e-03	
   1.5150000e-01	   4.7209260e-03	
   1.5200000e-01	   4.6778700e-03	
   1.5250000e-01	   4.6352560e-03	
   1.5300000e-01	   4.5930910e-03	
   1.5350000e-01	   4.5514270e-03	
   1.5400000e-01	   4.5101460e-03	
   1.5450000e-01	   4.4692930e-03	
   1.5500000e-01	   4.4288620e-03	
   1.5550000e-01	   4.3888490e-03	
   1.5600000e-01	   4.3492490e-03	
   1.5650000e-01	   4.3100580e-03	
   1.5700000e-01	   4.2712190e-03	
   1.5750000e-01	   4.2328420e-03	
   1.5800000e-01	   4.1948700e-03	
   1.5850000e-01	   4.1572960e-03	
   1.5900000e-01	   4.1200940e-03	
   1.5950000e-01	   4.0832510e-03	
   1.6000000e-01	   4.0467900e-03	
   1.6050000e-01	   4.0107090e-03	
   1.6100000e-01	   3.9750410e-03	
   1.6150000e-01	   3.9397040e-03	
   1.6200000e-01	   3.9047290e-03	
   1.6250000e-01	   3.8701100e-03	
   1.6300000e-01	   3.8358440e-03	
   1.6350000e-01	   3.8019260e-03	
   1.6400000e-01	   3.7683540e-03	
   1.6450000e-01	   3.7350800e-03	
   1.6500000e-01	   3.7022000e-03	
   1.6550000e-01	   3.6696610e-03	
   1.6600000e-01	   3.6374550e-03	
   1.6650000e-01	   3.6055390e-03	
   1.6700000e-01	   3.5739490e-03	
   1.6750000e-01	   3.5426840e-03	
   1.6800000e-01	   3.5117750e-03	
   1.6850000e-01	   3.4811490e-03	
   1.6900000e-01	   3.4508340e-03	
   1.6950000e-01	   3.4208230e-03	
   1.7000000e-01	   3.3911140e-03	
   1.7050000e-01	   3.3617030e-03	
   1.7100000e-01	   3.3325850e-03	
   1.7150000e-01	   3.3037110e-03	
   1.7200000e-01	   3.2751800e-03	
   1.7250000e-01	   3.2469420e-03	
   1.7300000e-01	   3.2189910e-03	
   1.7350000e-01	   3.1913040e-03	
   1.7400000e-01	   3.1638840e-03	
   1.7450000e-01	   3.1367380e-03	
   1.7500000e-01	   3.1098650e-03	
   1.7550000e-01	   3.0832810e-03	
   1.7600000e-01	   3.0569400e-03	
   1.7650000e-01	   3.0308590e-03	
   1.7700000e-01	   3.0050350e-03	
   1.7750000e-01	   2.9794660e-03	
   1.7800000e-01	   2.9541480e-03	
   1.7850000e-01	   2.9290810e-03	
   1.7900000e-01	   2.9042400e-03	
   1.7950000e-01	   2.8796750e-03	
   1.8000000e-01	   2.8553560e-03	
   1.8050000e-01	   2.8312740e-03	
   1.8100000e-01	   2.8074140e-03	
   1.8150000e-01	   2.7837880e-03	
   1.8200000e-01	   2.7603920e-03	
   1.8250000e-01	   2.7372170e-03	
   1.8300000e-01	   2.7142810e-03	
   1.8350000e-01	   2.6915700e-03	
   1.8400000e-01	   2.6690780e-03	
   1.8450000e-01	   2.6468030e-03	
   1.8500000e-01	   2.6247420e-03	
   1.8550000e-01	   2.6028930e-03	
   1.8600000e-01	   2.5812480e-03	
   1.8650000e-01	   2.5598180e-03	
   1.8700000e-01	   2.5385960e-03	
   1.8750000e-01	   2.5175780e-03	
   1.8800000e-01	   2.4967580e-03	
   1.8850000e-01	   2.4761380e-03	
   1.8900000e-01	   2.4557160e-03	
   1.8950000e-01	   2.4354930e-03	
   1.9000000e-01	   2.4154630e-03	
   1.9050000e-01	   2.3956240e-03	
   1.9100000e-01	   2.3759740e-03	
   1.9150000e-01	   2.3565100e-03	
   1.9200000e-01	   2.3372290e-03	
   1.9250000e-01	   2.3181310e-03	
   1.9300000e-01	   2.2992150e-03	
   1.9350000e-01	   2.2804780e-03	
   1.9400000e-01	   2.2619170e-03	
   1.9450000e-01	   2.2435320e-03	
   1.9500000e-01	   2.2253180e-03	
   1.9550000e-01	   2.2072730e-03	
   1.9600000e-01	   2.1893980e-03	
   1.9650000e-01	   2.1716910e-03	
   1.9700000e-01	   2.1541600e-03	
   1.9750000e-01	   2.1367850e-03	
   1.9800000e-01	   2.1195700e-03	
   1.9850000e-01	   2.1025150e-03	
   1.9900000e-01	   2.0856170e-03	
   1.9950000e-01	   2.0688760e-03	
   2.0000000e-01	   2.0522900e-03	
   2.0050000e-01	   2.0358560e-03	
   2.0100000e-01	   2.0195810e-03	
   2.0150000e-01	   2.0034580e-03	
   2.0200000e-01	   1.9874850e-03	
   2.0250000e-01	   1.9716430e-03	
   2.0300000e-01	   1.9559490e-03	
   2.0350000e-01	   1.9404010e-03	
   2.0400000e-01	   1.9250120e-03	
   2.0450000e-01	   1.9097540e-03	
   2.0500000e-01	   1.8946370e-03	
   2.0550000e-01	   1.8796570e-03	
   2.0600000e-01	   1.8648130e-03	
   2.0650000e-01	   1.8501020e-03	
   2.0700000e-01	   1.8355240e-03	
   2.0750000e-01	   1.8210580e-03	
   2.0800000e-01	   1.8067440e-03	
   2.0850000e-01	   1.7925610e-03	
   2.0900000e-01	   1.7785080e-03	
   2.0950000e-01	   1.7645740e-03	
   2.1000000e-01	   1.7507620e-03	
   2.1050000e-01	   1.7370740e-03	
   2.1100000e-01	   1.7235110e-03	
   2.1150000e-01	   1.7100820e-03	
   2.1200000e-01	   1.6967620e-03	
   2.1250000e-01	   1.6835600e-03	
   2.1300000e-01	   1.6704740e-03	
   2.1350000e-01	   1.6575050e-03	
   2.1400000e-01	   1.6446490e-03	
   2.1450000e-01	   1.6319080e-03	
   2.1500000e-01	   1.6192740e-03	
   2.1550000e-01	   1.6067610e-03	
   2.1600000e-01	   1.5943590e-03	
   2.1650000e-01	   1.5820640e-03	
   2.1700000e-01	   1.5698650e-03	
   2.1750000e-01	   1.5577750e-03	
   2.1800000e-01	   1.5457940e-03	
   2.1850000e-01	   1.5339420e-03	
   2.1900000e-01	   1.5221740e-03	
   2.1950000e-01	   1.5105080e-03	
   2.2000000e-01	   1.4989450e-03	
   2.2050000e-01	   1.4874810e-03	
   2.2100000e-01	   1.4761160e-03	
   2.2150000e-01	   1.4648500e-03	
   2.2200000e-01	   1.4536420e-03	
   2.2250000e-01	   1.4425740e-03	
   2.2300000e-01	   1.4316060e-03	
   2.2350000e-01	   1.4207360e-03	
   2.2400000e-01	   1.4099440e-03	
   2.2450000e-01	   1.3992410e-03	
   2.2500000e-01	   1.3886300e-03	
   2.2550000e-01	   1.3781250e-03	
   2.2600000e-01	   1.3676970e-03	
   2.2650000e-01	   1.3573570e-03	
   2.2700000e-01	   1.3471040e-03	
   2.2750000e-01	   1.3369370e-03	
   2.2800000e-01	   1.3268570e-03	
   2.2850000e-01	   1.3168610e-03	
   2.2900000e-01	   1.3069370e-03	
   2.2950000e-01	   1.2971120e-03	
   2.3000000e-01	   1.2873720e-03	
   2.3050000e-01	   1.2777150e-03	
   2.3100000e-01	   1.2681320e-03	
   2.3150000e-01	   1.2586190e-03	
   2.3200000e-01	   1.2491890e-03	
   2.3250000e-01	   1.2398400e-03	
   2.3300000e-01	   1.2305970e-03	
   2.3350000e-01	   1.2214070e-03	
   2.3400000e-01	   1.2122930e-03	
   2.3450000e-01	   1.2032540e-03	
   2.3500000e-01	   1.1942900e-03	
   2.3550000e-01	   1.1853990e-03	
   2.3600000e-01	   1.1765810e-03	
   2.3650000e-01	   1.1678090e-03	
   2.3700000e-01	   1.1591390e-03	
   2.3750000e-01	   1.1505440e-03	
   2.3800000e-01	   1.1420210e-03	
   2.3850000e-01	   1.1335520e-03	
   2.3900000e-01	   1.1251520e-03	
   2.3950000e-01	   1.1168220e-03	
   2.4000000e-01	   1.1085700e-03	
   2.4050000e-01	   1.1003770e-03	
   2.4100000e-01	   1.0922510e-03	
   2.4150000e-01	   1.0841900e-03	
   2.4200000e-01	   1.0761940e-03	
   2.4250000e-01	   1.0682620e-03	
   2.4300000e-01	   1.0603940e-03	
   2.4350000e-01	   1.0525720e-03	
   2.4400000e-01	   1.0448290e-03	
   2.4450000e-01	   1.0371490e-03	
   2.4500000e-01	   1.0295310e-03	
   2.4550000e-01	   1.0219700e-03	
   2.4600000e-01	   1.0144680e-03	
   2.4650000e-01	   1.0070250e-03	
   2.4700000e-01	   9.9964020e-04	
   2.4750000e-01	   9.9232690e-04	
   2.4800000e-01	   9.8505450e-04	
   2.4850000e-01	   9.7783720e-04	
   2.4900000e-01	   9.7067520e-04	
   2.4950000e-01	   9.6356870e-04	
   2.5000000e-01	   9.5651830e-04	
   2.5050000e-01	   9.4952460e-04	
   2.5100000e-01	   9.4259680e-04	
   2.5150000e-01	   9.3571750e-04	
   2.5200000e-01	   9.2889270e-04	
   2.5250000e-01	   9.2211960e-04	
   2.5300000e-01	   9.1539180e-04	
   2.5350000e-01	   9.0871640e-04	
   2.5400000e-01	   9.0209340e-04	
   2.5450000e-01	   8.9551400e-04	
   2.5500000e-01	   8.8899800e-04	
   2.5550000e-01	   8.8253330e-04	
   2.5600000e-01	   8.7611840e-04	
   2.5650000e-01	   8.6975170e-04	
   2.5700000e-01	   8.6343190e-04	
   2.5750000e-01	   8.5715790e-04	
   2.5800000e-01	   8.5090660e-04	
   2.5850000e-01	   8.4472490e-04	
   2.5900000e-01	   8.3859070e-04	
   2.5950000e-01	   8.3250340e-04	
   2.6000000e-01	   8.2645770e-04	
   2.6050000e-01	   8.2045620e-04	
   2.6100000e-01	   8.1449970e-04	
   2.6150000e-01	   8.0860660e-04	
   2.6200000e-01	   8.0273760e-04	
   2.6250000e-01	   7.9690980e-04	
   2.6300000e-01	   7.9112330e-04	
   2.6350000e-01	   7.8537840e-04	
   2.6400000e-01	   7.7967570e-04	
   2.6450000e-01	   7.7401590e-04	
   2.6500000e-01	   7.6841470e-04	
   2.6550000e-01	   7.6284310e-04	
   2.6600000e-01	   7.5731270e-04	
   2.6650000e-01	   7.5182300e-04	
   2.6700000e-01	   7.4637170e-04	
   2.6750000e-01	   7.4095780e-04	
   2.6800000e-01	   7.3558370e-04	
   2.6850000e-01	   7.3024910e-04	
   2.6900000e-01	   7.2494520e-04	
   2.6950000e-01	   7.1969140e-04	
   2.7000000e-01	   7.1447570e-04	
   2.7050000e-01	   7.0929670e-04	
   2.7100000e-01	   7.0415350e-04	
   2.7150000e-01	   6.9904540e-04	
   2.7200000e-01	   6.9397210e-04	
   2.7250000e-01	   6.8893290e-04	
   2.7300000e-01	   6.8393050e-04	
   2.7350000e-01	   6.7896280e-04	
   2.7400000e-01	   6.7402960e-04	
   2.7450000e-01	   6.6912830e-04	
   2.7500000e-01	   6.6426200e-04	
   2.7550000e-01	   6.5943090e-04	
   2.7600000e-01	   6.5464240e-04	
   2.7650000e-01	   6.4988100e-04	
   2.7700000e-01	   6.4515270e-04	
   2.7750000e-01	   6.4045700e-04	
   2.7800000e-01	   6.3579330e-04	
   2.7850000e-01	   6.3116140e-04	
   2.7900000e-01	   6.2656090e-04	
   2.7950000e-01	   6.2197280e-04	
   2.8000000e-01	   6.1743700e-04	
   2.8050000e-01	   6.1293530e-04	
   2.8100000e-01	   6.0846680e-04	
   2.8150000e-01	   6.0402650e-04	
   2.8200000e-01	   5.9961380e-04	
   2.8250000e-01	   5.9522970e-04	
   2.8300000e-01	   5.9087370e-04	
   2.8350000e-01	   5.8652540e-04	
   2.8400000e-01	   5.8223100e-04	
   2.8450000e-01	   5.7796610e-04	
   2.8500000e-01	   5.7372950e-04	
   2.8550000e-01	   5.6952020e-04	
   2.8600000e-01	   5.6533750e-04	
   2.8650000e-01	   5.6118080e-04	
   2.8700000e-01	   5.5705770e-04	
   2.8750000e-01	   5.5294950e-04	
   2.8800000e-01	   5.4886590e-04	
   2.8850000e-01	   5.4481030e-04	
   2.8900000e-01	   5.4079030e-04	
   2.8950000e-01	   5.3679590e-04	
   2.9000000e-01	   5.3282610e-04	
   2.9050000e-01	   5.2887360e-04	
   2.9100000e-01	   5.2495220e-04	
   2.9150000e-01	   5.2105490e-04	
   2.9200000e-01	   5.1718170e-04	
   2.9250000e-01	   5.1333270e-04	
   2.9300000e-01	   5.0950810e-04	
   2.9350000e-01	   5.0570820e-04	
   2.9400000e-01	   5.0196470e-04	
   2.9450000e-01	   4.9821180e-04	
   2.9500000e-01	   4.9447920e-04	
   2.9550000e-01	   4.9076760e-04	
   2.9600000e-01	   4.8707330e-04	
   2.9650000e-01	   4.8340310e-04	
   2.9700000e-01	   4.7976070e-04	
   2.9750000e-01	   4.7619350e-04	
   2.9800000e-01	   4.7260250e-04	
   2.9850000e-01	   4.6903250e-04	
   2.9900000e-01	   4.6548390e-04	
   2.9950000e-01	   4.6195700e-04	
   3.0000000e-01	   4.5845200e-04	
   3.0050000e-01	   4.5496930e-04	
   3.0100000e-01	   4.5147310e-04	
   3.0150000e-01	   4.4803860e-04	
   3.0200000e-01	   4.4463160e-04	
   3.0250000e-01	   4.4125020e-04	
   3.0300000e-01	   4.3788170e-04	
   3.0350000e-01	   4.3451930e-04	
   3.0400000e-01	   4.3117810e-04	
   3.0450000e-01	   4.2785840e-04	
   3.0500000e-01	   4.2454900e-04	
   3.0550000e-01	   4.2127650e-04	
   3.0600000e-01	   4.1802640e-04	
   3.0650000e-01	   4.1479710e-04	
   3.0700000e-01	   4.1158680e-04	
   3.0750000e-01	   4.0839360e-04	
   3.0800000e-01	   4.0521560e-04	
   3.0850000e-01	   4.0201150e-04	
   3.0900000e-01	   3.9886510e-04	
   3.0950000e-01	   3.9573770e-04	
   3.1000000e-01	   3.9262840e-04	
   3.1050000e-01	   3.8952790e-04	
   3.1100000e-01	   3.8644580e-04	
   3.1150000e-01	   3.8338280e-04	
   3.1200000e-01	   3.8037280e-04	
   3.1250000e-01	   3.7734190e-04	
   3.1300000e-01	   3.7432660e-04	
   3.1350000e-01	   3.7132830e-04	
   3.1400000e-01	   3.6834770e-04	
   3.1450000e-01	   3.6538540e-04	
   3.1500000e-01	   3.6244120e-04	
   3.1550000e-01	   3.5949180e-04	
   3.1600000e-01	   3.5658380e-04	
   3.1650000e-01	   3.5369610e-04	
   3.1700000e-01	   3.5082740e-04	
   3.1750000e-01	   3.4797170e-04	
   3.1800000e-01	   3.4512810e-04	
   3.1850000e-01	   3.4229770e-04	
   3.1900000e-01	   3.3947970e-04	
   3.1950000e-01	   3.3665880e-04	
   3.2000000e-01	   3.3386900e-04	
   3.2050000e-01	   3.3109400e-04	
   3.2100000e-01	   3.2833360e-04	
   3.2150000e-01	   3.2558770e-04	
   3.2200000e-01	   3.2285580e-04	
   3.2250000e-01	   3.2013780e-04	
   3.2300000e-01	   3.1744220e-04	
   3.2350000e-01	   3.1474800e-04	
   3.2400000e-01	   3.1206600e-04	
   3.2450000e-01	   3.0939910e-04	
   3.2500000e-01	   3.0675380e-04	
   3.2550000e-01	   3.0412080e-04	
   3.2600000e-01	   3.0149890e-04	
   3.2650000e-01	   2.9887830e-04	
   3.2700000e-01	   2.9627860e-04	
   3.2750000e-01	   2.9369090e-04	
   3.2800000e-01	   2.9111530e-04	
   3.2850000e-01	   2.8855200e-04	
   3.2900000e-01	   2.8600110e-04	
   3.2950000e-01	   2.8346300e-04	
   3.3000000e-01	   2.8096330e-04	
   3.3050000e-01	   2.7844720e-04	
   3.3100000e-01	   2.7594030e-04	
   3.3150000e-01	   2.7344330e-04	
   3.3200000e-01	   2.7096380e-04	
   3.3250000e-01	   2.6849750e-04	
   3.3300000e-01	   2.6604290e-04	
   3.3350000e-01	   2.6359320e-04	
   3.3400000e-01	   2.6116170e-04	
   3.3450000e-01	   2.5874220e-04	
   3.3500000e-01	   2.5633430e-04	
   3.3550000e-01	   2.5393740e-04	
   3.3600000e-01	   2.5155110e-04	
   3.3650000e-01	   2.4917470e-04	
   3.3700000e-01	   2.4680790e-04	
   3.3750000e-01	   2.4444910e-04	
   3.3800000e-01	   2.4209920e-04	
   3.3850000e-01	   2.3975830e-04	
   3.3900000e-01	   2.3742920e-04	
   3.3950000e-01	   2.3511310e-04	
   3.4000000e-01	   2.3280640e-04	
   3.4050000e-01	   2.3050870e-04	
   3.4100000e-01	   2.2821770e-04	
   3.4150000e-01	   2.2593740e-04	
   3.4200000e-01	   2.2366650e-04	
   3.4250000e-01	   2.2140530e-04	
   3.4300000e-01	   2.1915360e-04	
   3.4350000e-01	   2.1691130e-04	
   3.4400000e-01	   2.1467830e-04	
   3.4450000e-01	   2.1245550e-04	
   3.4500000e-01	   2.1023880e-04	
   3.4550000e-01	   2.0803030e-04	
   3.4600000e-01	   2.0583020e-04	
   3.4650000e-01	   2.0364600e-04	
   3.4700000e-01	   2.0146890e-04	
   3.4750000e-01	   1.9929810e-04	
   3.4800000e-01	   1.9711260e-04	
   3.4850000e-01	   1.9495540e-04	
   3.4900000e-01	   1.9280740e-04	
   3.4950000e-01	   1.9066820e-04	
   3.5000000e-01	   1.8853740e-04	
   3.5050000e-01	   1.8641450e-04	
   3.5100000e-01	   1.8429860e-04	
   3.5150000e-01	   1.8218810e-04	
   3.5200000e-01	   1.8008250e-04	
   3.5250000e-01	   1.7798290e-04	
   3.5300000e-01	   1.7588960e-04	
   3.5350000e-01	   1.7381140e-04	
   3.5400000e-01	   1.7174460e-04	
   3.5450000e-01	   1.6968210e-04	
   3.5500000e-01	   1.6762300e-04	
   3.5550000e-01	   1.6555410e-04	
   3.5600000e-01	   1.6350330e-04	
   3.5650000e-01	   1.6145860e-04	
   3.5700000e-01	   1.5942060e-04	
   3.5750000e-01	   1.5738950e-04	
   3.5800000e-01	   1.5536570e-04	
   3.5850000e-01	   1.5334920e-04	
   3.5900000e-01	   1.5136370e-04	
   3.5950000e-01	   1.4935530e-04	
   3.6000000e-01	   1.4735040e-04	
   3.6050000e-01	   1.4535240e-04	
   3.6100000e-01	   1.4336870e-04	
   3.6150000e-01	   1.4139040e-04	
   3.6200000e-01	   1.3941700e-04	
   3.6250000e-01	   1.3744500e-04	
   3.6300000e-01	   1.3548040e-04	
   3.6350000e-01	   1.3352100e-04	
   3.6400000e-01	   1.3156680e-04	
   3.6450000e-01	   1.2961790e-04	
   3.6500000e-01	   1.2767460e-04	
   3.6550000e-01	   1.2573670e-04	
   3.6600000e-01	   1.2382290e-04	
   3.6650000e-01	   1.2189280e-04	
   3.6700000e-01	   1.1996500e-04	
   3.6750000e-01	   1.1804020e-04	
   3.6800000e-01	   1.1612090e-04	
   3.6850000e-01	   1.1420740e-04	
   3.6900000e-01	   1.1230020e-04	
   3.6950000e-01	   1.1042300e-04	
   3.7000000e-01	   1.0852570e-04	
   3.7050000e-01	   1.0663170e-04	
   3.7100000e-01	   1.0474150e-04	
   3.7150000e-01	   1.0285550e-04	
   3.7200000e-01	   1.0097430e-04	
   3.7250000e-01	   9.9097960e-05	
   3.7300000e-01	   9.7212360e-05	
   3.7350000e-01	   9.5347480e-05	
   3.7400000e-01	   9.3489840e-05	
   3.7450000e-01	   9.1638610e-05	
   3.7500000e-01	   8.9788660e-05	
   3.7550000e-01	   8.7936940e-05	
   3.7600000e-01	   8.6088440e-05	
   3.7650000e-01	   8.4243090e-05	
   3.7700000e-01	   8.2396690e-05	
   3.7750000e-01	   8.0558820e-05	
   3.7800000e-01	   7.8724290e-05	
   3.7850000e-01	   7.6892820e-05	
   3.7900000e-01	   7.5064160e-05	
   3.7950000e-01	   7.3238100e-05	
   3.8000000e-01	   7.1414520e-05	
   3.8050000e-01	   6.9590750e-05	
   3.8100000e-01	   6.7772680e-05	
   3.8150000e-01	   6.5957340e-05	
   3.8200000e-01	   6.4144590e-05	
   3.8250000e-01	   6.2328600e-05	
   3.8300000e-01	   6.0516220e-05	
   3.8350000e-01	   5.8708070e-05	
   3.8400000e-01	   5.6920520e-05	
   3.8450000e-01	   5.5118310e-05	
   3.8500000e-01	   5.3318030e-05	
   3.8550000e-01	   5.1519870e-05	
   3.8600000e-01	   4.9723980e-05	
   3.8650000e-01	   4.7930410e-05	
   3.8700000e-01	   4.6139130e-05	
   3.8750000e-01	   4.4332440e-05	
   3.8800000e-01	   4.2547360e-05	
   3.8850000e-01	   4.0766940e-05	
   3.8900000e-01	   3.8990310e-05	
   3.8950000e-01	   3.7210890e-05	
   3.9000000e-01	   3.5429630e-05	
   3.9050000e-01	   3.3649730e-05	
   3.9100000e-01	   3.1871120e-05	
   3.9150000e-01	   3.0093730e-05	
   3.9200000e-01	   2.8317500e-05	
   3.9250000e-01	   2.6542340e-05	
   3.9300000e-01	   2.4768210e-05	
   3.9350000e-01	   2.2995030e-05	
   3.9400000e-01	   2.1222730e-05	
   3.9450000e-01	   1.9451260e-05	
   3.9500000e-01	   1.7680540e-05	
   3.9550000e-01	   1.5910500e-05	
   3.9600000e-01	   1.4141090e-05	
   3.9650000e-01	   1.2383260e-05	
   3.9700000e-01	   1.0613720e-05	
   3.9750000e-01	   8.8444210e-06	
   3.9800000e-01	   7.0753090e-06	
   3.9850000e-01	   5.3063480e-06	
   3.9900000e-01	   3.5375020e-06	
   3.9950000e-01	   1.7687320e-06	
   4.0000000e-01	   9.5513390e-18	
